1.5533363046939714
2.109132449630778
-0.21133414191725144
-1.3605463511422982
-1.2789469681506491
-0.6954454039714555
0.623381102257667
5.1429431147920575
2.4626113579072544
2.233393912528334
-0.34647767460702644
-0.4317158568008458
-0.26359222224082723
-1.3272037768131453
-0.5659873608162002
0.9547651172956595
0.18795254260860908
-0.9963363780961183
6.72850750565567
-0.42524389653767936
1.8932751264196717
4.9363429491635165
-2.423230239027466
0.5217464591939835
-2.1150717478890932
-0.9681461158404328
0.6554432205394705
-0.18941078539477554
7.294502205649764
-0.011347209807596206
-1.2553802171761141
-2.1223593626970905
1.9020588307205664
0.6827245077232956
-0.4483071132113874
1.1352287398901517
1.0132624605629035
14.861986822477505
-0.7396541727838449
-0.5926849332540193
2.32495950824985
1.8813419067551336
-2.4033702167379687
0.8297212563137839
-4.0779137489234065
1.4120416808163923
1.3827451736115968
-0.15694462129890951
-2.1088816094602874
-0.5411981102809059
0.29729039141591923
-0.8625831021697173
-0.13510985019255567
0.3996392265530551
4.716755935146143
-0.9032568668042432
-0.8454664342189468
-1.3834058963795095
1.0843973717886697
2.049737575592343
-0.16743806616263684
-2.541787315445799
-0.3623213460788381
0.41120861000986786
1.0741128469339436
-2.8015058986062242
-1.6282998362174834
-0.851189405984764
-1.168039946293256
-0.38640515827062477
0.283488684858779
1.273396878281284
-0.6254876719719501
-1.9394403134472553
2.921310940958099
2.3580111390805203
-0.07872645780373468
0.25741033921949696
-0.8741178087568088
0.8144173024548716
1.6052395078879578
0.4502509448610385
0.8651850373120614
9.469736596386332
-5.143069244079836
0.9117425519878556
0.37775019934208276
0.6783102593700613
-0.27477460867211334
1.798237113603664
-5.3443983995725
0.39693604134940935
3.367255110856684
-0.8753752970892348
0.7452923732850227
0.851503705846643
0.7656322413768107
3.121364815109385
1.0035619642534586
2.1350884801411696
-1.6858226775692562
2.710256522344885
0.61589882971812
-1.2538479731766918
0.3125637258285993
-0.10247785366900038
-0.5820538364476725
-2.564319333908939
-0.1324997414808129
-1.035997347964248
0.18314245873947552
-0.028750600939121504
-1.6713757242933047
-0.642761078651616
2.3345424655502467
0.5840717429392516
-1.1100759157127533
1.4777380442970465
1.6723081343000814
-3.003058414832249
0.16401414207910808
-2.0580254657296835
0.9749515342991313
-0.3529039762866756
-0.6808530875622947
-1.186514335405323
-2.9982163842287046
0.9121259781648215
-0.7603634198179018
0.23432187019804346
-1.8599859082633006
0.8101440168567811
1.2291016767900942
-2.948271492183127
3.5069314950102664
-0.7954198804653315
0.5069416219057915
-1.0040757428525917
1.8679129358853295
1.7940121790117036
1.1202996405834758
1.3784200045761041
-0.6303978424991903
-1.296080336049463
1.4532455039872074
0.03212631298035802
0.4469660733020032
0.37044471530935336
1.4910817390194313
-0.1289501423455899
0.3501824603620692
-0.25440443375165056
-1.7614640129234274
6.157141622034635
-18.042908116379007
-0.8689667832055554
0.3489271870242058
0.6713149229706455
1.182790297249809
55.527796511876666
-0.2967541716010728
-3.4187027911249444
-1.42287318731709
-1.8354042429434028
-0.8013226448749748
-0.007357824350699745
-0.14230486253821023
0.8544296714157198
2.5615117701093135
0.3466458807368241
1.5883121307770842
-0.28770425761930074
-1.6514539692499144
0.4064738021139275
3.0754738231328242
-0.3784254858221815
-0.22293188001086295
-5.482776471417811
-0.6658741907828591
1.603208703799918
-1.7594415011982252
0.15633877263503615
0.3177649634162849
-0.3082435337531459
-0.5567879359266343
4.264049823952454
-0.8903806321862257
-1.4602047757367551
-0.9875086838824069
1.7207158281983832
1.047011061111995
1.9012128285688952
0.24145521545053347
0.5484388092393638
1.383250145996783
0.4931659837562305
2.119566294766138
0.8382964819245534
3.6715413313340033
0.6445928539201062
0.3598082856477337
0.15843358516551043
-2.442299871751974
-0.4508733328500762
2.714822755673089
1.9054754992689253
-0.5612606552094065
-2.820571804156665
-0.173958179652342
0.020268516001986803
1.3721070705819645
-1.3053508346658702
0.14714638057224302
0.5648731360153513
-1.7044714184393017
1.5604954586102995
-0.10123206480979316
-0.14535745693963054
0.8763192870451383
4.746784894913946
-1.526556259018897
1.2537183933256009
-2.187685523411472
0.3977455042961023
-1.0510680152039396
0.9558135689696826
0.5172072433503395
-0.3271776463687933
-1.4797620807351706
-6.268710485158092
-0.32794369795239803
-0.7176502703510819
0.23754467564084011
0.8283933297861492
-2.562827808910508
0.5551333543006199
-0.5428989602418024
-0.17528198787280064
-0.7870385106615786
4.086952559482995
0.7199500875799151
-2.087203769214528
0.5698533669347701
0.6206149133772958
-1.5949247062723468
-0.8493951934638603
-0.044872520470395735
-0.9927372912781525
0.09453391783124072
0.6300843450768265
0.20137967133837129
1.0445885701618616
-2.1935598216253385
0.8732106502114151
11.73302612097211
1.0916109456856866
-1.2842983718596175
0.3536424453003685
-1.1745433305596826
0.6351844115890763
-0.8451055798739968
-0.9483319051342797
2.265647341235365
1.3484845227732123
-1.2030705605621825
-3.312188945996313
0.2612116911550469
0.26772920586828325
-1.1489927784298182
-0.05981037515560003
1.5220399724665998
-2.8870802482972056
0.8325192443144928
-0.6669379102650186
0.7643157048435858
-3.249939335461884
0.8044241129766354
-0.030407806593915107
-0.5062370861805822
0.851675394349461
-2.4409939282544433
0.1536925649552005
0.5941293187293268
2.5531125691312733
0.21924748440084518
0.12382452674492686
0.2519400248524933
0.45618598588290077
-0.014450141491420274
-1.8349059960713496
0.0892134012349998
-1.451639305064927
-2.3407530292790724
2.0222865692119982
0.1323774603510046
1.8608086020225445
-0.27729345472983363
-0.5351021344897975
-0.863973279587744
1.719990063503353
-2.093856679996771
-1.0201966531690903
-1.52964910309656
0.723274589582132
0.005606545722213305
-1.7289291428785154
-2.127132527771739
-1.2359935082837872
-0.40152817755710934
0.044030947347057495
-1.6075688250400386
1.8469792091938415
-0.6703089207771914
-1.6038871787563183
-1.0891077501577995
0.2845217566641717
-1.7462502269471578
1.9987112591473846
-0.03603836228728656
-0.8196279697556275
1.8103019874517536
-0.10315471788601567
0.8624360295800233
-1.3177361974133988
3.1979907085163415
-0.24620818286966104
-0.37535248065474064
-0.14096996996203565
-1.2628873885203888
-0.9949178373574296
0.6354573502591624
0.6622114914365927
-16.528919487647403
0.0994754589898387
1.0834281957238907
-3.637677412774339
-0.07002794991603492
2.1449249902739496
0.4637910472244557
-2.1260490044900644
-5.036980885514596
-0.617096012936801
3.3060930070200936
1.8154263535996402
-1.5707722372195319
0.07036301062609816
-0.48787411245000184
-0.16599735325071002
1.0351027800866197
-1.5533539515289563
-0.43489040720341493
0.07610904904155422
-0.012615377782065226
2.3846974185048175
-1.036503213067701
-0.9584392329521795
8.688365127516038
-1.8955731259987052
0.8430373553870653
1.1812114236248372
-1.8071695528472018
0.38150318823872237
2.523873058425725
-2.526149883252074
22.440059462484147
0.050315350376294324
0.32492009307237685
0.7345023929818905
-0.11847037145605815
1.5353627137982113
2.334115598225388
1.5072247232360756
-0.9697398017764066
-0.8335048327353662
-1.2644440084924533
0.40003961409806205
-2.329070422376288
-1.9908163067415534
0.22437124403464165
-0.844501822838975
0.9798270819393375
0.2731157308345236
-1.6475044108735626
-2.8734126517149625
-2.115598579040635
-2.451147032182801
0.07389084589877058
-0.18192411989831997
0.6506031636462394
-1.2141307930059093
2.459623040786994
16.15687814570406
0.5858736958238876
-0.6655242228691944
-1.3198791054225396
-0.1401854909692708
-4.489315967840604
-2.1229277258708725
2.4345264877795785
0.910598191506129
-0.5061564858918997
0.5109624459353259
1.2648269566285422
4.382354129713191
-1.1910854001165783
-0.5823888358321104
0.9034667670331029
1.120937704938991
-0.31185900913428083
-1.9163163853130825
1.4523226232925361
1.0147459803431993
6.200056716244542
0.4293641601171409
0.014742995031192632
1.9963750189592036
-1.0291961466070976
-3.677970285060789
-0.737951820836724
0.4809790399727657
76.22333702296821
-1.6131277255831715
0.3215367478154142
1.731594605263891
-1.0323665572318488
1.0691469360786254
3.932522730777608
1.5604988744296868
0.2003915174710094
-1.139296722370125
-1.9705660063201043
-2.4868940773988784
-0.09529874444922687
0.4136953920804017
1.9079843949200803
-1.0191467663805125
-0.2531882957723439
0.0615544236013387
1.6592567711966337
-0.20708499579757825
0.4978313432074735
0.34619968496673376
-0.45146663988413693
0.5041490141218495
2.2641982912710596
0.8580138204166928
1.9584064762703914
0.9301700029842029
-1.4720908161599189
-0.6631794170507541
-0.6912972889409078
2.2170824785868977
0.7306712260985173
-0.9605016726872284
-1.7382717537857502
-0.303526130321561
-0.33797108343182486
0.9991457305339845
2.88245816018976
-0.9925272048500665
-0.2151836147302093
-1.6439582511559434
2.050525588185909
-1.161174587471802
0.5621003557702977
-1.226704682322995
-0.593110999731498
0.7829187140684684
-5.109314005849393
-0.6906619326485329
-3.215360541406799
1.0627439622373904
0.4312777957382196
3.2660833977184724
2.9116638655515117
-0.9306448332990155
-0.6373513997294589
1.0824169362015896
-0.13086484024878384
-2.4458861652944055
-0.9501340241759573
0.39122357698978
-3.52807026933141
-0.898221793748964
1.9322194539350106
0.43480940370938853
1.0388438296305884
-8.928597539161066
1.668082961656801
0.46294713084338934
0.38886326447302455
1.2152272086931
0.3196816202058693
0.27975013262091974
-0.5093230474807784
0.7813528514444469
-1.7690090230698852
-0.7793437942272843
0.1360049058950702
-6.3020922876019565
-2.2887822553685946
-0.3553305341402058
0.45966300598386794
-0.5385649639053726
-0.983276630871109
1.4838876512480967
1.6582605832348916
1.175609580461656
-0.9633745589591478
1.9841110691427786
0.6280739164167088
0.34163818562780646
-1.572579527630539
-0.08979316223233784
0.5104479383423451
12.084153713260417
2.0530521868171
0.3921263817329497
0.476213751062216
-1.245612299193443
1.4388561270644529
-0.525094297333867
-0.46797005774276784
5.489821264206762
-0.5719753817903334
-0.6666179138165159
2.892958779166003
0.19216222741026467
-0.6275328052314019
-1.0528318470969213
0.6770337154464191
1.887320254260991
0.7087793078599882
-2.714851131025994
0.35862689358979194
1.1969666580838694
0.7602089238206537
0.4529644395873068
0.9266004823839344
1.4775767879281643
-0.2951882547205912
-1.9817521974282304
-0.3484324927781382
-0.4192588505923756
-0.7984965816422686
-0.22171082939953032
3.238125338224759
0.9105837333749187
1.9148597306692616
0.7383206717076811
1.011538191514754
-1.4243165844318577
-0.008551923347472262
-1.4730467837430647
-0.29000976512936993
0.25582518448928115
2.930259204882657
-0.7571157731382153
1.754531356007635
-0.9949580034133374
0.9105882821476904
0.3617121016170752
0.18134543015200194
0.31054788716840087
0.18014609277594218
-5.6661276183359846
-1.567980629945066
0.8288909691052756
-0.29203019768078015
-0.46438414972232234
0.44508331613071217
0.616969301400558
-3.0391915687325692
-1.514087723957961
-2.432787727197998
-3.0882509157277958
-2.753499289699162
-1.036166340688456
1.0045642221722253
-5.783505272241126
-4.420110764848823
2.562197118566031
0.5593851745074283
-1.2378330667583675
-1.6143212688969162
-0.6361146423276054
0.5267701997310521
-1.2206358990408555
1.2603089177727365
1.3407464284333122
-0.6902388248651243
0.20905506343738883
0.4314402809574461
1.2613087369659615
0.7216061255940688
20.42542198687146
3.0078175807639442
0.9213465633953705
-0.620623718461153
-0.32681365205693047
1.5405161562771483
15.763916398322632
-1.143086949581846
-0.44923167345253867
1.282851306841475
3.6860058929934185
-2.0655981115120046
-2.0243499119892587
-0.3727048988121957
-1.4227639762893824
2.0113051026358217
-0.5591273370603835
0.4718676366356988
-1.036083189070601
-0.783269032189434
-0.20037692907394353
0.1094332721998697
1.9783543598773816
0.7406664403592124
-1.209835163345223
-0.4319889038872445
-0.27504013705660824
0.9400136417011542
-2.702234430824142
-0.9321727339254574
-2.1760578524863123
0.74382759922386
-2.635456156668312
0.6630710240064592
-1.5979138088624325
-2.315163460610234
1.9522386750313083
0.7175043019780889
-0.13915089366505717
1.0890759721022099
-0.388238227406348
-1.9047843643443625
-0.062056722555224465
-0.6434834626503151
-0.8062324198848417
2.3871129546930554
-1.0154743288559864
-1.406541393135328
-0.8133412319741478
-3.9954709826098287
2.0147220958350167
0.4448696984624387
-0.38062937123437435
0.984459301029496
8.818753476165213
-0.15451109805690916
-2.9344551056786394
-0.5986757305617779
1.7860920985527837
-0.5777322230511334
1.8041246007572145
1.767416423668998
1.6097039994833573
0.4697773854044875
-0.1535539957193042
12.084716589231899
-1.8194270532907566
-0.498092244252101
1.9326992196697392
-0.1437017196023229
3.448310050006667
-1.1549410487424894
-1.7609862581526197
0.8850329331363896
-2.1986999801161224
-2.1611548391089044
0.07907626919407293
-2.029649048543165
0.17296607798125674
-5.5849295809211705
-1.5824306306569909
3.0129293150851555
-1.218717252913815
0.6074371468574534
-2.819404764459808
40.481521983051074
-1.1246077975326012
0.025627803821192983
-0.8791347988847442
-1.249071766489722
-0.008910841855123287
3.0195720905726966
1.3312365394121477
2.0949335303424124
-7.561245022493754
1.3537756082598935
0.18247539162170393
0.26838313618871595
0.20489199651086515
-0.5017265510487973
0.8443788582574859
-0.19796082948915453
-1.02214107765955
0.43429176039361345
-0.45745238075719424
1.3148631654166265
-2.1009234642928547
0.03988994473705605
-0.1187399522889493
-1.0006270856344683
-1.1511016178383202
0.46456436410164625
-0.30127511413724317
0.37976897421939243
1.2336133173190527
-6.597857574921191
-3.2375846700947255
-10.617570549469466
1.1664216269928753
0.17991325845036135
-2.1195281795674377
0.4724379217198965
1.4765352389406858
0.4429030892710377
-1.377490585427143
-2.5788586780618896
0.6679582785976605
1.5572711363850333
-13.205648420785563
0.18325038607273922
-2.4380846250999952
1.182741627392769
-0.3931449523707287
-0.617496930868147
0.7637803287623884
1.8267030257203973
0.1589149955927174
-2.0715184625378256
4.793286478030321
1.1654232262555797
-1.544238439006067
1.211401285914712
-0.7021783432044476
0.3035805109464481
-1.3367224441041725
2.894766879513781
-1.6317321327519523
1.1963056882478584
-0.4655472767601522
0.19361727164645937
0.6938459088251427
-1.6524248540806887
-0.5743573158596845
-0.9677398957819792
-0.8701443495647718
0.4734189728422981
-0.2598619911315504
-0.20958424442616977
0.7134327480834259
0.8950905715768591
1.8101833085124615
-0.05603006223350246
-0.41722219742800937
5.459168318787575
3.1879150330979464
0.9769974521996414
-2.002657412011052
-1.310814075625936
0.3935834605159098
-1.2970138500333925
1.39113548706706
-0.3388522545637893
0.03346749594647653
0.6240370272475203
0.6421049721105664
0.9382357825814948
-0.12312452311384463
-2.186287586987138
0.3472918410056359
-1.6027811233080935
-0.43923890707241764
-0.42024184132228454
-1.8011501833827022
0.5038117428407335
3.8980561603271107
0.41847612901977943
-1.2466867477227495
4.316570759372464
2.7657138387335753
-1.6306495405983066
3.600531728108613
1.0839319974211608
1.3476824513623749
0.9708100693102143
0.5957145593674079
-0.2744050381365334
-3.3969245487228674
-0.5812220289014647
-1.571068251291621
0.840511699289249
1.0857893480057912
0.5243172660538293
-0.8513714776719032
0.017016918509029904
-0.08375852971484242
2.745676849562336
-1.1562992554911689
-0.36177833738247656
-3.4449765066216336
-1.321140938508543
-5.2207227113517805
0.900861028938552
1.107571810425757
-0.7286214727982283
0.3578868031388094
-0.38981153656618545
-1.518759479001806
0.3201333858139031
0.7772238834051983
1.698057622685444
1.5296270598467498
-0.7245489620403922
-0.1904690912209989
-0.4529965452235916
-0.10422115148522655
-1.2304020613960902
-1.0521468877321762
1.9114024677957318
-2.1675631046773107
-0.518186132636125
-1.1205527573631004
-2.428011707411254
1.4428285949506703
1.452047509957903
2.298256610535822
-9.260050280873823
0.10968565164243396
-0.6173650130239173
-0.07581801042507297
1.5007297618127045
1.8873838758361932
0.8453131468840107
-0.8456593915447912
0.8073775962732197
0.8661357138383616
0.8096033185032383
-0.26892238620578246
1.2145327964236092
-0.7004474912730345
0.11300813177229113
-0.09750734522701408
2.0403570730250746
-1.741038860714497
0.5827860278019423
1.395678676406113
-3.42344750005597
1.5039670501277451
-1.210954461515768
-0.29100568691768286
0.5758478182468593
0.09859449471633748
-0.9320920009888649
-0.8248225718078971
1.2330392823102383
0.6280668422624187
-0.3816293989807772
-1.275742521728073
-0.03532933545127852
2.082656288576091
-0.5712393290407699
1.7065439678008039
-0.48339884484441975
-0.7549554217803656
2.3396286831484376
-0.01823334751757792
0.9705159454356846
-2.75379642964084
-1.3772690264437797
-0.987382808146148
4.155697310806174
0.8813473901752529
0.5454099529222005
-0.808730089662683
0.8632231836812462
1.0014059215061093
1.227804134317581
-1.7103081730868848
-24.18064981759175
0.9646413007990222
-1.3045228917620297
0.49520622389456487
-0.837857516993427
-0.12129610586558663
-1.4091021124799603
0.0684022366031535
-1.5922630880062423
0.1884888823094438
-5.529960147224109
-0.8641600289993295
-0.045187077598119504
-0.39130045775867034
-1.9343274116585514
0.5308159545834751
0.5656111467338854
-1.7363727239517641
-1.6765116716489146
0.16690286806809154
1.9979188894905946
-1.5070611149234276
-0.5957181664552206
2.6265235252062658
0.3647743800479641
-1.764128740190408
-2.2068019664072707
2.4072842290061294
-0.6431686751701531
-0.23238859856212338
0.7266088550461146
-0.7681097473007792
-21.884382400251774
0.046145981772753135
-6.102467181845122
1.1735782161248052
1.206721533475066
49.912835028486455
-0.12583495860858904
1.5315031968361386
-1.4711288146077077
-0.8690978128177597
0.7883751560017017
1.8933984634754826
9.082755863717004
-0.21055750650120744
-0.6149593229534431
0.7693234152210585
0.8385701669523714
-3.61326537677207
0.5348287230310023
0.2829406664516763
3.2434480937595094
0.36205472287404084
-0.9153363526168553
-1.4866368740287605
-0.8842514327028409
-1.6046630162555313
7.997394647240773
0.5903476172343333
1.128788886346006
2.5074055857119695
1.6690284261531878
0.22643972188021994
-2.5578295465057406
0.6393762796867041
3.130769396934985
-0.15176148230686576
1.3763315465522918
-1.1591080118244483
-0.5814067223923548
0.5837255814993852
0.48116587345178957
-2.60534279502476
-0.886474079009747
-0.3517776892459461
-0.14611100921173287
-0.08014202678367431
-2.029478834641153
-0.12066638609806664
0.008397996903584287
-3.938048215006072
-0.3873089775639966
0.8479005251792971
-0.27216884955708187
-2.9116133918302256
-2.4525719102000756
1.202923028770825
-0.2661641217889397
-2.2613469749685393
0.8494548682298312
-1.372665025742652
0.9515540659892956
1.28907503403941
0.010837853288216556
-0.5021560877400112
0.7933410039181237
2.0341906469104365
-0.08538139249332378
0.5628240335780584
0.760436170396027
-0.9066669329104015
0.3653423317416111
-2.19947206160462
-0.3491837585699157
-1.4393967887750199
-1.894298206427298
0.805544719929979
-0.04946058193975507
-0.006077822785710526
3.3152855852030787
-0.42109074050740125
0.5890912833203807
0.6441497023947921
1.0913178678188893
4.112453238484573
1.85948704209391
-2.934773699030354
