0.313852243800419
-0.425626718708749
0.624824852082405
-1.00323104286193
0.0840941176847068
0.777760879918183
1.16394299870787
-0.563695076228022
-2.46022086339722
-1.2129924543996
1.53130829042814
0.640841684532425
-3.36570461292522
0.483107992203109
1.77072080464429
-0.425191613970391
1.49060825616939
0.966567667672813
0.839269390863613
-0.16779230112801
-1.04082101991217
-0.677952623160003
0.726163305221029
0.803970401406524
-1.17494688537713
-0.0967284239031088
-0.349578733124396
-1.8297388646661
0.273493927492744
-0.502424660049805
-0.55320706371797
-0.422889666801247
-1.77646428744979
-0.270535000551185
0.249287815337105
0.356747317754945
-0.861167974133515
2.0625674524866
-1.41831343059878
-1.84899042679425
-1.07482615630975
-1.24065685401994
0.964409771194845
0.297203188319109
-2.47594735771836
1.15793772992114
0.147119066570006
0.835789471417876
-0.188356600378803
-1.3744526166951
-1.92357423784322
-1.00072726275497
-0.587417481006106
0.547672811932294
-2.29191816511523
0.0416642657039219
1.03791567444809
0.712636918087888
1.7730283633796
-0.732102567526489
-1.04340942187046
0.450741142092589
2.60667638123439
-1.87743098850141
0.209869669490352
-1.11256452426861
1.15079515215623
1.19738164935503
1.17803772637298
0.669877147556086
-1.76261713301231
1.01666251149
-1.89122060203076
-0.473747019936958
-1.73610523739669
0.46033310033723
0.216601659654224
-0.982759581254108
0.369203662681024
-0.316294754692798
-1.03732381030463
-1.16101776697671
-2.78033205965128
0.393478264652423
-2.87552333216363
1.03694988904166
-0.485318097294318
0.339312299207641
0.264585995756214
2.49007059435288
0.321083597219079
-0.119647181994914
-0.791951560596864
0.0244930144670761
-0.654204960004542
0.486081295764698
-1.86235830679639
-2.48363333871968
-1.74393013407278
-1.96913293774063
0.916443866146345
1.34300995337738
-0.843276599285879
-0.258404676444833
0.247070389741246
-1.45815805179056
-0.666279845240275
-0.342253644873416
-2.72304415214658
0.0364527461468569
0.373493738942919
3.46330086684676
2.25905572841216
-0.710812433593141
-1.23262579773561
1.54984653985272
0.877343096994899
-0.260380505143679
-1.88950220863192
2.1702607352856
-0.153524807713758
0.388285903689471
1.00457413193774
1.54234437490592
-2.60499505658809
0.885063542980639
0.773885831968322
-1.23821800641625
2.24151240914775
-0.51844269588802
-0.896104493087456
1.383802963664
0.673031139003704
1.20687765507622
1.71183522670233
0.532918891206656
-1.6648555438172
-1.37381825234562
0.158653384645298
-0.599887815898036
-1.65687333758488
0.541353196468513
-3.08830601180373
0.986850792060714
0.323504164666836
0.99319552990945
-1.23251662839628
-2.04469588152055
-0.00458847627587744
-1.07548568706049
0.743999330431301
-2.55586489581928
-1.09888257534781
-0.136537058229727
1.55179767795428
-1.2907565169717
-0.104904430870739
-1.01347288958474
-0.246628776568947
-1.5511647905826
1.00101548965554
-1.07947705088228
0.720116172249639
0.67219305763998
1.2460282856372
-1.35701616534667
-0.503719052050862
-1.02847660687511
-0.918277718654601
-0.159689127492051
-0.320727563883771
0.0562541155531662
3.00112360575022
1.08306205093034
0.42569465015665
1.40915877384824
-0.0388833057703337
-0.822244933140077
0.69249481894169
-2.07631814695882
-0.780340287846322
-0.945441176270528
-2.17740810367034
0.381840233010927
-0.802830099656923
0.55024860114289
0.584362492562398
0.632075819099519
-2.02854615759643
1.44579989642792
0.774359227536728
0.32643434460234
-0.984442346065272
-1.88200406193611
0.492636505950962
-0.923554654866656
1.78791209361398
0.164423870984443
1.20005871432638
-0.112921695134709
0.78414759615557
-0.638765386244735
0.666965839903717
-0.271850025355015
-0.340045772855412
-0.686958612373168
2.92257151141464
-1.89744213801649
0.0343615597459106
2.15433191746214
0.314468461728232
-1.52928510707856
0.582813473288205
1.66176930453943
1.78761641237249
-0.60943975423087
1.02941287372291
-0.863243428770069
-1.5078126200692
1.23252135672188
1.64771133595823
-0.582360122449394
-0.170356595686577
-0.671197902649773
-0.120581331931909
-2.61907459040814
1.04642169890396
2.41637212396514
3.68040739737616
-0.709115060179705
-0.515397777419118
0.233032398858278
-1.79661282158518
0.356925059256433
2.59893267361397
0.125931883417216
-0.573375877240871
0.858095081527459
0.849585905435809
0.531910403115681
0.338080050735833
-0.805891381205051
0.580024764288304
1.18904268437878
0.284346665007341
0.222253829557609
1.98934934874412
1.93875856332325
1.09374964603071
1.239567338329
1.3085016911032
-0.0220856336273201
-1.41700233060838
-1.0303531728097
0.289702860664214
-0.579809537252267
0.0567513450133887
0.91347729921798
0.118497488871093
-1.97381001116859
0.409487078240907
1.42364601378662
1.85778071633447
-3.03838625559073
2.43903085279967
0.861321093746561
2.53318256172818
1.44288626078465
-1.01886306437027
-1.80463119552329
-1.03081528743926
0.129608040768936
-0.525513496405303
0.402984504812217
-1.51465526217815
0.123208970546749
2.56548119206573
0.0312122698472521
-1.43799727749613
1.43117790341622
0.362206565380482
-0.721271814387286
-1.41515467600173
-2.24375658459579
0.946940509177146
1.95726231562897
-0.222297749632823
2.46988073275653
-1.24341845539661
-0.30796566066639
1.4329501604898
-0.370480168696794
0.440372064400343
0.72057786238414
-1.45110101391604
0.898829707698688
0.804291490861623
-1.35067160116424
1.98353567560255
0.230453822537093
2.45149435566727
-0.47264997480594
1.23400036000501
-1.82942828465756
-0.271831698407233
0.596575706342797
-0.0488300595961633
-1.35533820856612
-0.415812993907004
1.07793629334659
-1.70127590241393
0.083840280665946
-0.0420669732387537
-0.64724680687133
1.26606872340974
0.751151368043757
1.29466556866318
-2.10123028997638
-1.95550822592461
-1.87281650378672
-1.19219182645416
0.340196059205105
0.575926545272544
1.21438683982657
0.0925313309216094
1.9711430519886
0.383697369201194
3.61946695178195
-2.2989949889728
0.111819453009126
-2.20537726653172
-0.726770418660671
-0.711303880342349
-0.343131990726
-2.33814917814082
-0.352748335889636
-0.0589141251246943
0.175215151090548
-1.3021975230158
-1.67324651607627
0.290182105593793
-0.0791906351311482
-0.473403415199961
0.799047006565353
1.03020147203701
1.11362323779948
-0.434667118993708
0.316935385393627
-1.55820339192687
-1.14970582559378
0.843607179316926
2.69643863882967
-0.465796814576471
0.00377878497382511
0.870634021606769
-0.0917795002774611
1.41468189974685
-1.52860405414928
-1.34064825006701
-0.677908563410519
-2.50536962140209
0.130633531626778
1.01688500043158
-0.536037153268843
1.14174001126175
0.862093819186008
0.210739619088848
-0.855372578778123
1.38757270046258
-2.00104743636567
-0.879895000612102
0.819740681774839
1.29993253594775
0.562306746102273
0.981638841830112
-1.95962131051764
-0.370592610053201
-2.35821400657725
-1.16089066466836
1.85354692543111
1.33945543450536
-1.71919733031624
0.806269760494864
1.01201534319235
0.629411580694203
-0.774184360343874
-0.747659485245073
1.85285459318717
-1.94021116030681
-1.10101729590375
-0.98052644059883
-1.2959515810733
-0.610750394249727
-1.04642329307618
-0.218425711526358
0.678557225127371
-1.26737813898453
-0.228459685725433
-0.346144180465423
-1.28479218229885
-2.35066469775015
1.26255446542799
-0.83749929368512
2.72578431562075
2.77165238940952
-0.676004504389915
-2.31619492676439
2.70769523465989
-1.41793068389538
0.32115593067109
1.46218017180447
-0.318408256991496
-0.0507380980667236
-0.0528960463617878
-0.683613641112721
1.31331208876301
1.03195140669063
-0.178443456856634
0.14337449685447
-0.920472800708502
-0.839934733547217
0.188141283725905
0.329109775602568
-2.16353754752598
1.3025677515358
0.0694218480103572
0.175752956450673
1.65107061981777
-3.26866445367032
-0.76093784924084
0.454574037911947
-2.24596901855265
0.490453251007374
-0.629495825199605
1.1939733433401
1.47394961297001
-0.719696194891277
-2.27846553116948
0.811985030450863
0.0121358442158552
0.365828832999476
-0.285885682907896
-3.2973619772815
0.9173298898531
-0.881666088794738
-0.231151419073434
1.38554936264725
4.1197566518783
1.80021375762058
0.753468212201902
-1.67187501308215
0.383880693981574
0.201972342592761
-1.59529856138457
0.549742923409006
-0.960762612213138
2.740912921881
-3.9170913791285
0.117293910093871
-3.15128476903286
-0.369127008509714
-0.78114421826573
2.64145443581153
2.87366433723465
-0.267620835619574
0.812001806955401
-0.116932797086498
1.19520609820616
-0.307403030949992
0.33967431807681
-0.420995988214806
1.35111901714318
-2.0155494300046
-0.563490782891598
0.596886067242416
-0.652324285432805
1.45428741004471
-1.2964710969192
1.52803670680284
4.1058061057499
-0.0125372254331992
0.00623416047309178
-2.17195844916748
-0.799038249921558
1.90121927755526
-0.378915280484456
-2.38570892543269
-1.24394362770435
1.67423626958739
-0.410256511632646
0.229880602009437
-0.65314244438472
0.622224167658167
-0.359540542830622
-2.31675727830109
-1.22079539328778
1.12893870688927
-1.96403572602814
0.0728871243600437
-2.40257240741224
-1.95800988588699
0.707257492537188
1.10662286242293
-1.81665745069021
-0.157177796668613
1.03265549201759
2.82463803141993
-0.694802137371916
1.20023639305
2.6214790685079
1.63581187325715
-1.02405317953552
-0.48316435451293
0.461754698473293
0.776634301360922
-0.519778662721855
2.07776332765743
-1.20869552594801
1.30210784769931
-0.570618149694191
-0.588888005668515
-0.948400289766973
-1.28199296832143
0.704018387676989
-0.530622907130784
-0.716246776091033
-0.636129849085343
-1.85672219159577
0.241330589929156
-1.67397471519636
-0.343901506120325
-1.15960778575167
-0.596310479947626
-1.82778176172511
0.300537974423399
-0.0962164665413994
-2.37804554387854
-1.14966520000772
-0.41608181183026
1.54311927638806
1.10979290169453
-1.81912497751015
-0.146476109211768
3.33969446298371
-0.943657394785852
-2.22585306640614
1.29447389814052
0.56051472215173
0.530809796091397
0.625965846725499
1.11398240830183
0.37545556299775
0.473737342664798
-1.32888265692137
-1.75802225454252
-2.16312718205794
-0.61568216796568
-0.346041074327481
1.65745352567435
0.481039257709845
1.31312657177036
2.67553534527959
-1.55007275545265
-1.58921762180356
-2.23035048650227
0.776582598228138
-1.27461871327908
-1.28130164079247
0.153981098354642
-1.08420440391993
-0.533938642714453
-1.88968280492558
-0.677932975673322
-0.297265492816372
0.453507335049174
-0.413406002855744
-1.1061330645442
0.244744770101157
0.364191547683753
0.0451014681452406
-0.0861879670756949
2.4672657789118
-0.852860531253306
0.659298548426897
0.472932608013842
-3.73309675961074
0.792907836577363
-0.104749765924716
1.90203049693937
-1.14335979694548
0.603295195068561
2.02517356690324
-0.854728542441855
1.66256175810357
-3.92884014368699
-1.00281520368438
1.92357246795373
-0.868531587789825
0.479720285124834
0.520622713049498
0.297158946894932
1.80875313220357
1.33071290543605
0.226323154789462
1.23666689616984
2.04591706162122
0.710782328568051
-0.238780316342208
0.812164964794782
-1.30290109086346
1.70547900337808
1.67664543557972
0.609471435098293
1.16399300886163
-0.0297607117192698
1.96971114152367
-1.01685886931987
1.14853105252504
0.567722945144418
-1.86286567938354
0.755497246245248
-2.52729750647556
1.18088305506287
0.600894645133586
0.971083099312771
-1.67511137714556
1.81114335600162
0.365090477364411
-2.68409119620001
2.29208531690923
0.0710580023194538
0.763371578352427
-1.18913213451865
1.53738945716039
0.180828746164956
0.156322988510475
1.38869869932241
-1.5178759782904
-0.221945459252062
1.43817508011099
0.963866068688866
-0.648023151283645
-0.349911434514048
-0.78778521834878
0.604737446430498
-0.053471928299281
-0.501622326974235
1.49427297409348
-1.58257070215982
-1.00845877327894
-0.155840741860153
-0.196336941019617
2.75069828548785
2.43339303142678
1.18489054849785
1.50094569842505
-1.6687476040705
0.035016835986049
-0.489214682686885
0.231894726976371
-0.061143011708829
-0.367265254111466
0.290833017864109
-1.66296076464076
-0.769389235272094
-0.586646583376854
-0.96232466010904
-0.913843173910244
1.32376666275777
-1.42910147976924
-1.43928481213309
-0.402906959034489
0.746472669470812
-2.29763711626803
-0.983166918855183
0.298281960430778
0.36580755761306
-0.698156700570202
0.868085975978623
-3.20565702518324
1.9024865435455
-3.28755899291256
-2.14423649058015
-1.00587127254315
-0.358388132921938
-0.104699152018988
0.100176665089087
-0.639400770323199
0.948843293178605
-1.62483590917274
-0.564446139177541
-0.858102852339961
1.2013635355569
-1.27819007041368
-1.91058054180687
1.44299926118784
0.743013602123618
0.926760653139432
-0.184170306092234
-0.00268090574540025
0.472973062324307
4.03462548684168
-0.408158966921953
1.49763571755803
-1.32263976365162
1.38845810594974
-0.0134140556328717
-2.65427627713556
0.713127306213117
0.848502820924601
-0.687668902988868
-0.31994063075107
1.15362534872261
0.343704434609286
1.66689297971563
-1.45902209878935
-0.994785709698228
1.11535677128162
0.976785941427146
0.032657038663011
-0.39570721629466
-2.98773512241807
-1.8495223460204
-1.65869836120104
-0.19587699339818
0.196795895315823
0.451126996615834
-0.531095470168829
0.0608253820324975
1.62119360613186
0.198179362384074
-2.4580414833927
0.0279182207454127
-2.36646835192565
0.907194386409422
-0.445505441899776
-1.73122271459565
-0.927319595988969
0.977281096040336
0.404821116773256
-0.303609723327192
-2.78833743806414
-1.96448451712988
-0.9146603201796
-0.650218758826988
0.908772347146702
1.04771549663339
-1.11518854771843
-0.88352009868013
0.325833426298082
1.30494846097761
0.462450222032849
-1.98958909297003
-0.427029516671077
1.39514591110949
-1.34678360334832
0.614578009305568
-1.36073053273473
1.26920085331655
-0.136312787842861
2.29791815569356
0.96870151189804
-0.489077553636413
-2.08212188637484
1.81570050761947
1.04068552733573
-1.07977689523589
-1.78760969232125
0.902845379596464
1.31466446343219
0.518913023926892
-2.95974051314673
0.469538100309272
-0.101929754910692
-0.911522872822594
-1.05711927416341
-1.99148720442677
1.2970523794348
-0.650790565345666
-0.0506154504155703
0.823381093168244
-0.390654765125113
0.890079854081044
-1.43716082668951
0.687380749547764
-0.481351007977914
-1.04129160658793
1.35265391435174
-0.458080801577218
0.449899266497901
2.22082179535462
-0.987441224091334
0.844287021220815
1.24480040361058
-0.401432406234996
-2.25646479733954
1.17391633941988
-1.28300255509217
2.29706059192019
-2.17892699174471
-1.2934408712425
1.44626176660457
1.12853676266425
1.20612847467552
0.165760455314647
2.17106538988568
1.24348957042982
-1.94084137652207
-0.138998366525222
-1.86108103691632
0.378163715134654
-0.983393341090995
0.421888305757783
-0.226151584268486
-0.272218702046963
-0.910786417104909
-1.16224155547102
1.02038528449028
0.55487540896231
-0.958469018092309
-1.5879147244169
-1.27655428904806
1.64210613666435
0.112009985703672
-0.75894987639672
-0.596526888682924
0.698933999382028
-1.06695860205949
2.82566017949502
1.78621951794761
-2.16847420146926
-0.489678001333495
-0.573213810404788
-0.553459407205459
-0.814732106235148
-0.879077981313948
1.77249506675607
0.925579312700698
-1.1307381000008
-1.01057121420016
0.727052423304166
0.680713326578449
2.27217780630556
-1.3984584570799
1.53097002587437
2.22764098446245
-0.12116048331584
-0.485507561939166
1.22147317211888
0.833981038437365
-1.30308218728985
2.52366868620307
-1.15723701070883
-0.876238984559372
2.40310573805507
0.0448109030350778
-0.944551345295032
1.95216926194015
-0.681848595116641
-0.42883738943241
1.75452453806829
-1.09005433951294
-3.67987677787617
1.06494591462407
-1.69473273430763
-1.18321398185655
-0.194717454383841
1.14253835420592
0.00642770657568548
-2.43686487321489
0.805938750132349
-0.0872740772672742
0.390092880362907
-0.340256504720777
-0.625338276726758
-0.672592738842503
-1.03240721282109
0.854362753537167
1.34422678123999
-0.0958759770431143
0.0308271593377398
-1.8250452715578
0.572667006480536
-0.320207589003566
0.118387134926614
0.758789191652191
-1.21719199278889
1.2550108862708
0.755846853264892
0.826805279277401
1.1056600988127
-1.21168095148099
0.0795999722380643
-0.837388416566831
0.437042907102544
-0.20021731128535
-0.0463838924932602
-1.54450008433233
-0.283182606519382
-1.35671998656884
-0.811507806409374
2.86684774226463
-2.75989969804889
2.50686404108202
-1.52782623317248
-0.820715708578895
0.109836028018911
-0.199423829963997
-1.37827882979273
-1.11200466769984
0.940100909461101
-1.20891408139259
2.76549568008081
-0.406458374041371
-0.0804850610265717
1.34253183692132
-0.934859445255917
1.05556604814986
-0.655864101308204
-1.37706140934623
0.586732004897065
0.266764384001441
-0.270789083411252
0.635585216647051
1.93047508597774
0.906494794567912
0.609160444744951
0.43469955039992
-0.77168048762892
-1.46659904474146
0.135169659495681
-0.11514617456718
1.11887039349303
1.87642386614001
-0.420237716547696
-1.17656355547187
-2.69103110825049
3.5835773341142
1.85773182939877
2.48557492284541
1.33131780237036
-0.2121378730291
0.172805266063072
0.0508850029115919
0.107527055118361
-1.15030620068448
0.899414105763775
1.17142094148627
2.92595413787321
1.63521919037188
0.808947913931455
-1.65979803169811
0.443714442090503
0.689896593659874
0.749865240505208
-0.040310083320982
0.322236530135704
0.666714598548275
-2.10896302679587
-1.03040697398345
-0.894262675506845
0.368424603682421
1.6376971126738
-0.106629083843053
0.951992218850044
-0.236837997713032
-0.670624030492242
-0.837184266373505
-0.175224888944605
1.33283103934362
-1.17080921685599
1.58008446975051
2.75734335795405
1.11362834064388
0.113868762636478
0.776557450643587
-0.203657347904347
0.788080113716738
1.97387754930153
-1.47210200092517
0.235506820318641
0.187968020631466
-1.06696189876059
-0.215311731791907
-2.25147245579078
-0.43248127732469
-0.503005000269219
-1.7219837527828
-0.969530997564654
1.00623209690624
1.83991917750816
-1.4406110612238
0.557102434955731
2.30072312458068
1.03881806890242
1.33434670842458
0.0715356291037992
1.70495245145624
-1.0351718181357
0.949153805807519
