-4.0 10 0.5500093853199659
-4.0 12 0.6775253802528838
-4.0 14 0.7699326592796546
-4.0 16 0.8507406167377746
-4.0 19 0.9473928774949818
-4.0 22 1.0353657658236584
-4.0 26 1.135498344492335
-4.0 31 1.2549428313748123
-4.0 36 1.3527410370709656
-4.0 42 1.4624381866330476
-4.0 49 1.586224823122093
-4.0 58 1.7258983343063838
-4.0 68 1.8676346152393608
-4.0 80 2.0323780291893496
-4.0 94 2.1936069177909094
-4.0 110 2.3840607643169727
-4.0 129 2.5823041004482654
-4.0 151 2.80370382125691
-4.0 177 3.008786641953126
-4.0 208 3.2647463097009046
-4.0 244 3.561021408026401
-4.0 286 3.862545940472265
-4.0 335 4.243210192700254
-4.0 394 4.615073820947568
-4.0 462 5.041082778376307
-4.0 542 5.428570144385478
-4.0 635 5.920167232304424
-4.0 745 6.447649116510655
-4.0 874 7.040864042327093
-4.0 1026 7.674664031057969
-4.0 1203 8.455716540547083
-4.0 1412 9.452159852243541
-4.0 1656 10.604444598402038
-4.0 1943 12.54516959963784
-4.0 2279 15.132625775870446
-4.0 2674 18.369944534501958
-4.0 3137 29.863040400800244
-4.0 3680 40.926281297915274
-4.0 4317 58.400401216240624
-4.0 5064 102.8392545503619
-4.0 5941 182.8728649288066
-4.0 6969 280.0916015720422
-4.0 8176 449.65867080747955
-4.0 9591 739.3843351761375
-4.0 11252 1224.921342881498
-4.0 13199 1968.7675688307415
-4.0 15485 3193.514956893382
-4.0 18166 5232.190653130833
-4.0 21311 8620.40046709165
-4.0 25000 13301.413001580475

-3.8 10 0.561465697234039
-3.8 12 0.6859720943555765
-3.8 14 0.7773117888825322
-3.8 16 0.8571858549176896
-3.8 19 0.9536758126374633
-3.8 22 1.0417543514319516
-3.8 26 1.1420099381680533
-3.8 31 1.2615759395609505
-3.8 36 1.35975754793504
-3.8 42 1.4700018888231154
-3.8 49 1.5942045870728825
-3.8 58 1.7345103150097751
-3.8 68 1.8770245206001845
-3.8 80 2.04282022126045
-3.8 94 2.204249742321918
-3.8 110 2.395610470312532
-3.8 129 2.595591716741183
-3.8 151 2.8176825534318213
-3.8 177 3.024257496754928
-3.8 208 3.2829450296503384
-3.8 244 3.578742472222769
-3.8 286 3.8826248838210735
-3.8 335 4.26250422301147
-3.8 394 4.637009966040259
-3.8 462 5.06348487981494
-3.8 542 5.455758474627203
-3.8 635 5.952732801750544
-3.8 745 6.484094092168447
-3.8 874 7.080953638255996
-3.8 1026 7.726441799452206
-3.8 1203 8.513799784895387
-3.8 1412 9.535986397955295
-3.8 1656 10.712756934427407
-3.8 1943 12.680827243159536
-3.8 2279 15.311104717969561
-3.8 2674 18.6610790074149
-3.8 3137 30.22654322842439
-3.8 3680 41.64950434466396
-3.8 4317 59.58599451491139
-3.8 5064 104.56279488455954
-3.8 5941 185.15503716763374
-3.8 6969 283.81553745285595
-3.8 8176 455.572957998613
-3.8 9591 748.9412083558262
-3.8 11252 1240.6626335690398
-3.8 13199 1993.3769845885045
-3.8 15485 3232.704524182014
-3.8 18166 5295.249270953004
-3.8 21311 8723.992218899411
-3.8 25000 13459.258270733675

-3.6 10 0.572580646521308
-3.6 12 0.6942745579535636
-3.6 14 0.784603094203981
-3.6 16 0.8636631916264643
-3.6 19 0.9600132730259213
-3.6 22 1.0481930058077495
-3.6 26 1.1485942755287364
-3.6 31 1.2682842758543988
-3.6 36 1.3668599439061528
-3.6 42 1.477645374479154
-3.6 49 1.6022867950366744
-3.6 58 1.7432262688163749
-3.6 68 1.8865248822872076
-3.6 80 2.0533901256152824
-3.6 94 2.215036062719327
-3.6 110 2.4073015078202644
-3.6 129 2.609006827989906
-3.6 151 2.8318497863184
-3.6 177 3.0399300355204146
-3.6 208 3.3013105444577735
-3.6 244 3.596698277241105
-3.6 286 3.9029720427419012
-3.6 335 4.282103862350984
-3.6 394 4.6592255646256415
-3.6 462 5.086370652279119
-3.6 542 5.4834770110673965
-3.6 635 5.986033453706474
-3.6 745 6.521538929544596
-3.6 874 7.122449196311163
-3.6 1026 7.780234096434572
-3.6 1203 8.574458734844335
-3.6 1412 9.623520575345971
-3.6 1656 10.826352958553578
-3.6 1943 12.824406381916903
-3.6 2279 15.499910438651373
-3.6 2674 18.973260522189086
-3.6 3137 30.61824996683574
-3.6 3680 42.418109333974606
-3.6 4317 60.849070081588536
-3.6 5064 106.40248287121959
-3.6 5941 187.6179270781883
-3.6 6969 287.8387028739611
-3.6 8176 461.9755499570342
-3.6 9591 759.2655091118386
-3.6 11252 1257.61668137324
-3.6 13199 2019.9684047955593
-3.6 15485 3275.1029007589227
-3.6 18166 5363.429430227325
-3.6 21311 8835.691647502437
-3.6 25000 13631.043386151156

-3.4 10 0.5833481653204782
-3.4 12 0.7024414308700573
-3.4 14 0.7918208827170952
-3.4 16 0.8701735918893585
-3.4 19 0.9664050930994456
-3.4 22 1.0546823235782101
-3.4 26 1.1552514248582342
-3.4 31 1.275068704580388
-3.4 36 1.3740486690545362
-3.4 42 1.4853685023342629
-3.4 49 1.6104725249686678
-3.4 58 1.7520478017975205
-3.4 68 1.8961372930929463
-3.4 80 2.064088493790995
-3.4 94 2.2259666012688286
-3.4 110 2.4191356714344603
-3.4 129 2.6225516329114784
-3.4 151 2.846207947424576
-3.4 177 3.0558075922864685
-3.4 208 3.319851781505311
-3.4 244 3.614899171686054
-3.4 286 3.9235997315069344
-3.4 335 4.302025146790156
-3.4 394 4.681737282882435
-3.4 462 5.109766548492835
-3.4 542 5.511759031406752
-3.4 635 6.020126589742458
-3.4 745 6.560068602862181
-3.4 874 7.165469839369306
-3.4 1026 7.836215994261673
-3.4 1203 8.637929764761553
-3.4 1412 9.715147026228308
-3.4 1656 10.94587028826208
-3.4 1943 12.97690963183728
-3.4 2279 15.700474245105042
-3.4 2674 19.308897845932382
-3.4 3137 31.041933021613335
-3.4 3680 43.23791848788578
-3.4 4317 62.19857800099089
-3.4 5064 108.373084355298
-3.4 5941 190.28572874562684
-3.4 6969 292.20118801185953
-3.4 8176 468.9320948123133
-3.4 9591 770.4605864058357
-3.4 11252 1275.94020764229
-3.4 13199 2048.8034936876657
-3.4 15485 3321.1364284272668
-3.4 18166 5437.4063541920805
-3.4 21311 8956.526629032362
-3.4 25000 13818.717834936657

-3.2 10 0.5937729234209154
-3.2 12 0.7104822288299649
-3.2 14 0.7989779223040446
-3.2 16 0.8767179652002732
-3.2 19 0.9728511147664667
-3.2 22 1.0612229273444242
-3.2 26 1.1619814564108366
-3.2 31 1.2819300407821999
-3.2 36 1.3813241207121127
-3.2 42 1.4931711553608396
-3.2 49 1.6187628123401285
-3.2 58 1.7609765462967313
-3.2 68 1.9058632717554138
-3.2 80 2.0749161175150275
-3.2 94 2.2370421089657424
-3.2 110 2.4311149084072854
-3.2 129 2.6362288025153964
-3.2 151 2.8607598271129056
-3.2 177 3.0718937902006473
-3.2 208 3.3385785333604265
-3.2 244 3.6333558999357627
-3.2 286 3.9445214380575937
-3.2 335 4.322285760565
-3.2 394 4.70456412343303
-3.2 462 5.1337026312505
-3.2 542 5.540643278857322
-3.2 635 6.055078318087495
-3.2 745 6.599781536947039
-3.2 874 7.210153861892057
-3.2 1026 7.894591510597373
-3.2 1203 8.704489348586467
-3.2 1412 9.81131792302422
-3.2 1656 11.072060977970372
-3.2 1943 13.139520642219013
-3.2 2279 15.914509391382204
-3.2 2674 19.67082494749729
-3.2 3137 31.502095245055518
-3.2 3680 44.11593951020059
-3.2 4317 63.64531451883389
-3.2 5064 110.49228271148066
-3.2 5941 193.18722010739728
-3.2 6969 296.95081352278066
-3.2 8176 476.520869305928
-3.2 9591 782.6496273170753
-3.2 11252 1295.818707242501
-3.2 13199 2080.1929724312304
-3.2 15485 3371.3119046039787
-3.2 18166 5517.981429269762
-3.2 21311 9087.709336601156
-3.2 25000 14024.628311952445

-3.0 10 0.6038678561595292
-3.0 12 0.7184069156959617
-3.0 14 0.8060855067002355
-3.0 16 0.8832971627036423
-3.0 19 0.9793511842068152
-3.0 22 1.0678154618601796
-3.0 26 1.1687844432039487
-3.0 31 1.288869048312507
-3.0 36 1.3886866488863017
-3.0 42 1.501053242324776
-3.0 49 1.627158642751942
-3.0 58 1.770014156458503
-3.0 68 1.9157042654886836
-3.0 80 2.0858738413260958
-3.0 94 2.2482633879152267
-3.0 110 2.443241357491729
-3.0 129 2.650041530428185
-3.0 151 2.875508656608244
-3.0 177 3.0881926118739034
-3.0 208 3.3575015301676223
-3.0 244 3.6520796929648576
-3.0 286 3.9657520313343784
-3.0 335 4.34290538961221
-3.0 394 4.727727952586386
-3.0 462 5.1582134306860326
-3.0 542 5.570175337244903
-3.0 635 6.090965528589026
-3.0 745 6.6407929077298915
-3.0 874 7.256663525906088
-3.0 1026 7.955600901960964
-3.0 1203 8.774464408939117
-3.0 1412 9.912569558380707
-3.0 1656 11.205818718878067
-3.0 1943 13.31364785979327
-3.0 2279 16.14408111483242
-3.0 2674 20.062409051981813
-3.0 3137 32.00415414811784
-3.0 3680 45.06066343775598
-3.0 4317 65.20242411579292
-3.0 5064 112.78142272933505
-3.0 5941 196.35691274452267
-3.0 6969 302.145115354439
-3.0 8176 484.8360305842924
-3.0 9591 795.980688741826
-3.0 11252 1317.4733603701334
-3.0 13199 2114.508727586572
-3.0 15485 3426.236656863687
-3.0 18166 5606.113242271232
-3.0 21311 9230.679920456478
-3.0 25000 14251.629536139668

-2.8 10 0.6136517289431552
-2.8 12 0.7262255738397468
-2.8 14 0.8131535541440106
-2.8 16 0.8899119748737834
-2.8 19 0.9859051479969073
-2.8 22 1.074460587872946
-2.8 26 1.175660461378605
-2.8 31 1.295886438105629
-2.8 36 1.3961365558355985
-2.8 42 1.5090146986362982
-2.8 49 1.6356609443195351
-2.8 58 1.7791623036215236
-2.8 68 1.9256616544550933
-2.8 80 2.0969625793109166
-2.8 94 2.2596313183522962
-2.8 110 2.4555173970031126
-2.8 129 2.6639935934134296
-2.8 151 2.890458204891446
-2.8 177 3.104708495737019
-2.8 208 3.376632544334906
-2.8 244 3.6710824010523435
-2.8 286 3.9873080424624257
-2.8 335 4.363906194746022
-2.8 394 4.751254195151607
-2.8 462 5.1833390865287825
-2.8 542 5.600409450920803
-2.8 635 6.127878642462064
-2.8 745 6.683239033573797
-2.8 874 7.30519144305369
-2.8 1026 8.019530366692763
-2.8 1203 8.848246227348156
-2.8 1412 10.019544297174262
-2.8 1656 11.3482148053664
-2.8 1943 13.50098235921973
-2.8 2279 16.391699063452144
-2.8 2674 20.487694800385366
-2.8 3137 32.55468388868775
-2.8 3680 46.08245815047955
-2.8 4317 66.88606317377715
-2.8 5064 115.26649089770339
-2.8 5941 199.83656561850208
-2.8 6969 307.85397767012097
-2.8 8176 493.9919402592794
-2.8 9591 810.6333463653302
-2.8 11252 1341.1700343034634
-2.8 13199 2152.199682552754
-2.8 15485 3486.644932925644
-2.8 18166 5702.958205670778
-2.8 21311 9387.16346601428
-2.8 25000 14503.234452173254

-2.5999999999999996 10 0.6231469562820549
-2.5999999999999996 12 0.7339481484931673
-2.5999999999999996 14 0.8201907248320631
-2.5999999999999996 16 0.8965631295265291
-2.5999999999999996 19 0.9925128486107403
-2.5999999999999996 22 1.0811589756428104
-2.5999999999999996 26 1.1826095900876075
-2.5999999999999996 31 1.3029828666353886
-2.5999999999999996 36 1.403674095795268
-2.5999999999999996 42 1.5170554864414498
-2.5999999999999996 49 1.6442705798920307
-2.5999999999999996 58 1.7884226716733154
-2.5999999999999996 68 1.93573675851631
-2.5999999999999996 80 2.1081833370923966
-2.5999999999999996 94 2.271146891304339
-2.5999999999999996 110 2.4679457047135718
-2.5999999999999996 129 2.678089425964751
-2.5999999999999996 151 2.905612900678351
-2.5999999999999996 177 3.121446467999208
-2.5999999999999996 208 3.3959845410288994
-2.5999999999999996 244 3.6903766854159374
-2.5999999999999996 286 4.0092080487987305
-2.5999999999999996 335 4.385313451909792
-2.5999999999999996 394 4.775172761912956
-2.5999999999999996 462 5.209126891087094
-2.5999999999999996 542 5.631410967165707
-2.5999999999999996 635 6.165925305405949
-2.5999999999999996 745 6.727283303176056
-2.5999999999999996 874 7.355969187278584
-2.5999999999999996 1026 8.08672513419225
-2.5999999999999996 1203 8.92630943186429
-2.5999999999999996 1412 10.133020051993144
-2.5999999999999996 1656 11.500546457961565
-2.5999999999999996 1943 13.703575452285637
-2.5999999999999996 2279 16.66044101741234
-2.5999999999999996 2674 20.95159950253841
-2.5999999999999996 3137 33.161737284251544
-2.5999999999999996 3680 47.194097418622206
-2.5999999999999996 4317 68.71629027152721
-2.5999999999999996 5064 117.97942472147125
-2.5999999999999996 5941 203.67720337262085
-2.5999999999999996 6969 314.16317512061465
-2.5999999999999996 8176 504.1289993328446
-2.5999999999999996 9591 826.8275998344614
-2.5999999999999996 11252 1367.2311566457217
-2.5999999999999996 13199 2193.8128600770433
-2.5999999999999996 15485 3553.4330122961874
-2.5999999999999996 18166 5809.924335853823
-2.5999999999999996 21311 9559.245205082336
-2.5999999999999996 25000 14783.820115162105

-2.4 10 0.6323777926970519
-2.4 12 0.741584258404676
-2.4 14 0.8272045465214766
-2.4 16 0.9032512900277274
-2.4 19 0.9991741193640272
-2.4 22 1.0879112981545416
-2.4 26 1.189631910877886
-2.4 31 1.3101589345623108
-2.4 36 1.4112994748380494
-2.4 42 1.525175593906342
-2.4 49 1.652988339178486
-2.4 58 1.7977969524813187
-2.4 68 1.9459308466681173
-2.4 80 2.1195372404776767
-2.4 94 2.282811248226832
-2.4 110 2.4805293330249025
-2.4 129 2.692334214230497
-2.4 151 2.9209779880005637
-2.4 177 3.1384123235089856
-2.4 208 3.4155718936532606
-2.4 244 3.709976293675566
-2.4 286 4.031473202786251
-2.4 335 4.407156428853485
-2.4 394 4.799519305552845
-2.4 462 5.235633403915611
-2.4 542 5.663259663746301
-2.4 635 6.205235421583979
-2.4 745 6.773124305805424
-2.4 874 7.409279097685253
-2.4 1026 8.157607393807002
-2.4 1203 9.009238355055409
-2.4 1412 10.253950490154796
-2.4 1656 11.664402883302397
-2.4 1943 13.92394461759764
-2.4 2279 16.954121079497607
-2.4 2674 21.460181974360903
-2.4 3137 33.83528053100083
-2.4 3680 48.41148573363455
-2.4 4317 70.71828102158848
-2.4 5064 120.95988733057555
-2.4 5941 207.9418449269255
-2.4 6969 321.1792127832427
-2.4 8176 515.4216494531977
-2.4 9591 844.8359747812879
-2.4 11252 1396.0515997811326
-2.4 13199 2240.0217068178704
-2.4 15485 3627.7065077758994
-2.4 18166 5928.743263817335
-2.4 21311 9749.471084777375
-2.4 25000 15098.912723739088

-2.2 10 0.6413689310956309
-2.2 12 0.7491430633583872
-2.2 14 0.834201540706633
-2.2 16 0.9099770535927605
-2.2 19 1.0058887788822048
-2.2 22 1.094718224038013
-2.2 26 1.1967275065415306
-2.2 31 1.3174151855726042
-2.2 36 1.4190128508513622
-2.2 42 1.5333750336554564
-2.2 49 1.6618149308642605
-2.2 58 1.8072868415352632
-2.2 68 1.9562451496467408
-2.2 80 2.1310255725131384
-2.2 94 2.2946257293499617
-2.2 110 2.4932718039618034
-2.2 129 2.706734016403922
-2.2 151 2.9365597271382655
-2.2 177 3.155612874088172
-2.2 208 3.435410691764655
-2.2 244 3.7298964558952155
-2.2 286 4.054127967063112
-2.2 335 4.429469601043959
-2.2 394 4.824336948533168
-2.2 462 5.262927394883347
-2.2 542 5.696054356792655
-2.2 635 6.245968128164363
-2.2 745 6.8210071784957105
-2.2 874 7.465470728719188
-2.2 1026 8.232701269921174
-2.2 1203 9.097764306696886
-2.2 1412 10.383520826203283
-2.2 1656 11.841757309656028
-2.2 1943 14.165220795783219
-2.2 2279 17.277522215364336
-2.2 2674 22.021019404512113
-2.2 3137 34.587789622406916
-2.2 3680 49.75467192580409
-2.2 4317 72.92401817738664
-2.2 5064 124.25771152295407
-2.2 5941 212.70924896931035
-2.2 6969 329.03605206164906
-2.2 8176 528.0895387002694
-2.2 9591 865.0002289600562
-2.2 11252 1428.1202709557544
-2.2 13199 2291.6647236150015
-2.2 15485 3710.8448994251876
-2.2 18166 6061.567755497247
-2.2 21311 9960.983859514474
-2.2 25000 15455.585455185104

-2.0 10 0.6501444881625015
-2.0 12 0.7566331786424499
-2.0 14 0.8411873442460771
-2.0 16 0.9167409495994305
-2.0 19 1.0126566251848577
-2.0 22 1.1015804102129332
-2.0 26 1.2038964594187236
-2.0 31 1.3247521054096352
-2.0 36 1.4268143336091506
-2.0 42 1.5416538403353828
-2.0 49 1.6707509748107237
-2.0 58 1.8168940339573114
-2.0 68 1.9666808762963024
-2.0 80 2.142649821114504
-2.0 94 2.306591933009949
-2.0 110 2.50617722997382
-2.0 129 2.721295919265408
-2.0 151 2.952365657184272
-2.0 177 3.173056290462113
-2.0 208 3.455519181050463
-2.0 244 3.7501544559251343
-2.0 286 4.0772011469686795
-2.0 335 4.452294361315467
-2.0 394 4.849678701867886
-2.0 462 5.2910940078424
-2.0 542 5.729919394630037
-2.0 635 6.288321633635643
-2.0 745 6.871239749909189
-2.0 874 7.524984208421519
-2.0 1026 8.312668266995596
-2.0 1203 9.19281937317096
-2.0 1412 10.523226699920292
-2.0 1656 12.035097911187705
-2.0 1943 14.431357435380294
-2.0 2279 17.63672379589171
-2.0 2674 22.64374619684881
-2.0 3137 35.4350835613151
-2.0 3680 51.24929859168041
-2.0 4317 75.37469470769699
-2.0 5064 127.9363252730527
-2.0 5941 218.0791426351402
-2.0 6969 337.9046314855402
-2.0 8176 542.4134010022132
-2.0 9591 887.7548011347199
-2.0 11252 1464.049975739116
-2.0 13199 2349.798928393089
-2.0 15485 3804.59067753323
-2.0 18166 6211.10518679587
-2.0 21311 10197.709209585673
-2.0 25000 15863.016907252546

-1.7999999999999998 10 0.6587273246516323
-1.7999999999999998 12 0.7640626269566366
-1.7999999999999998 14 0.8481668231882374
-1.7999999999999998 16 0.9235434378625138
-1.7999999999999998 19 1.019477429489056
-1.7999999999999998 22 1.1084984942753222
-1.7999999999999998 26 1.2111388491453425
-1.7999999999999998 31 1.332170121096434
-1.7999999999999998 36 1.4347039849132994
-1.7999999999999998 42 1.5500120672863262
-1.7999999999999998 49 1.6797969944414446
-1.7999999999999998 58 1.8266202210599283
-1.7999999999999998 68 1.9772392344118397
-1.7999999999999998 80 2.154411739963467
-1.7999999999999998 94 2.3187117889427746
-1.7999999999999998 110 2.519250468440364
-1.7999999999999998 129 2.7360282440471657
-1.7999999999999998 151 2.96840494288183
-1.7999999999999998 177 3.190752574789283
-1.7999999999999998 208 3.475918392962423
-1.7999999999999998 244 3.770770460196105
-1.7999999999999998 286 4.1007273572154395
-1.7999999999999998 335 4.4756814586032885
-1.7999999999999998 394 4.875610914787915
-1.7999999999999998 462 5.320240754763034
-1.7999999999999998 542 5.765013983788201
-1.7999999999999998 635 6.332547371246194
-1.7999999999999998 745 6.924215995911773
-1.7999999999999998 874 7.588384093198066
-1.7999999999999998 1026 8.398358622422593
-1.7999999999999998 1203 9.295615865379332
-1.7999999999999998 1412 10.674988000201493
-1.7999999999999998 1656 12.247618381555542
-1.7999999999999998 1943 14.72743395060004
-1.7999999999999998 2279 18.03957253334647
-1.7999999999999998 2674 23.34084137722507
-1.7999999999999998 3137 36.39751230098444
-1.7999999999999998 3680 52.92872584606837
-1.7999999999999998 4317 78.12421454955461
-1.7999999999999998 5064 132.07764614730763
-1.7999999999999998 5941 224.1796582811894
-1.7999999999999998 6969 348.00661471760833
-1.7999999999999998 8176 558.7580970777672
-1.7999999999999998 9591 913.6603002951096
-1.7999999999999998 11252 1504.619515627418
-1.7999999999999998 13199 2415.7749481184887
-1.7999999999999998 15485 3911.173908001981
-1.7999999999999998 18166 6380.801912615509
-1.7999999999999998 21311 10464.612383040077
-1.7999999999999998 25000 16333.276796769267

-1.5999999999999996 10 0.6671386357863218
-1.5999999999999996 12 0.771438819173733
-1.5999999999999996 14 0.8551441769353062
-1.5999999999999996 16 0.9303849068413238
-1.5999999999999996 19 1.0263509298419304
-1.5999999999999996 22 1.1154730866454898
-1.5999999999999996 26 1.2184547498481897
-1.5999999999999996 31 1.3396696003451363
-1.5999999999999996 36 1.442681818776548
-1.5999999999999996 42 1.5584497823153654
-1.5999999999999996 49 1.6889534094273817
-1.5999999999999996 58 1.8364670876565699
-1.5999999999999996 68 1.9879214569252301
-1.5999999999999996 80 2.1663134260121364
-1.5999999999999996 94 2.3309876494394905
-1.5999999999999996 110 2.532497320283187
-1.5999999999999996 129 2.750940819554169
-1.5999999999999996 151 2.984688837343545
-1.5999999999999996 177 3.2087142165403537
-1.5999999999999996 208 3.4966330482438
-1.5999999999999996 244 3.791768728196618
-1.5999999999999996 286 4.124749130187064
-1.5999999999999996 335 4.499694528880387
-1.5999999999999996 394 4.902218292472135
-1.5999999999999996 462 5.350506305674507
-1.5999999999999996 542 5.801545854886274
-1.5999999999999996 635 6.378970798561701
-1.5999999999999996 745 6.980450903505706
-1.5999999999999996 874 7.656409552606399
-1.5999999999999996 1026 8.490887420297257
-1.5999999999999996 1203 9.407766662772561
-1.5999999999999996 1412 10.841316876128069
-1.5999999999999996 1656 12.483502457910822
-1.5999999999999996 1943 15.060107353261856
-1.5999999999999996 2279 18.49637523027669
-1.5999999999999996 2674 24.1288073146679
-1.5999999999999996 3137 37.501689622436395
-1.5999999999999996 3680 54.83722719565619
-1.5999999999999996 4317 81.24443103416945
-1.5999999999999996 5064 136.78922402964525
-1.5999999999999996 5941 231.178131789334
-1.5999999999999996 6969 359.63466570846066
-1.5999999999999996 8176 577.6067478371128
-1.5999999999999996 9591 943.4521816048189
-1.5999999999999996 11252 1550.8342192317853
-1.5999999999999996 13199 2491.343995798812
-1.5999999999999996 15485 4033.488007647835
-1.5999999999999996 18166 6575.099648204226
-1.5999999999999996 21311 10768.053774233505
-1.5999999999999996 25000 16882.42868281129

-1.4 10 0.6753977469242045
-1.4 12 0.7787685565482432
-1.4 14 0.8621230318839614
-1.4 16 0.9372656717713529
-1.4 19 1.0332768246983175
-1.4 22 1.1225047625004154
-1.4 26 1.2258442268014302
-1.4 31 1.3472508511461463
-1.4 36 1.4507478016160935
-1.4 42 1.5669670625777172
-1.4 49 1.6982205287921404
-1.4 58 1.84643631035698
-1.4 68 1.9987288344883207
-1.4 80 2.178357417742437
-1.4 94 2.3434224034649764
-1.4 110 2.5459247863930425
-1.4 129 2.7660453469961785
-1.4 151 3.0012313049175576
-1.4 177 3.22695710735479
-1.4 208 3.5176928582335276
-1.4 244 3.813179393699243
-1.4 286 4.14931998364374
-1.4 335 4.524415285423804
-1.4 394 4.9296113443932
-1.4 462 5.382073629400009
-1.4 542 5.839791718510602
-1.4 635 6.428022668177772
-1.4 745 7.0406335701104945
-1.4 874 7.730050602818248
-1.4 1026 8.591750255889
-1.4 1203 9.531472696861789
-1.4 1412 11.02557203645458
-1.4 1656 12.748360734254042
-1.4 1943 15.438303145075803
-1.4 2279 19.020944115941127
-1.4 2674 25.029981944310673
-1.4 3137 38.78308666634517
-1.4 3680 57.03494030284058
-1.4 4317 84.8332178982631
-1.4 5064 142.21490886274222
-1.4 5941 239.2971413689128
-1.4 6969 373.18300586118926
-1.4 8176 599.6123520477496
-1.4 9591 978.1127046675343
-1.4 11252 1604.0147031926883
-1.4 13199 2578.8121844680823
-1.4 15485 4175.33946439237
-1.4 18166 6799.792980718331
-1.4 21311 11116.281474272968
-1.4 25000 17532.062891272664

-1.1999999999999997 10 0.6835220567024967
-1.1999999999999997 12 0.7860580482122403
-1.1999999999999997 14 0.8691065243750362
-1.1999999999999997 16 0.9441859727272028
-1.1999999999999997 19 1.0402547665623558
-1.1999999999999997 22 1.1295940535174254
-1.1999999999999997 26 1.2333073325686925
-1.1999999999999997 31 1.3549141215262666
-1.1999999999999997 36 1.4589018524246826
-1.1999999999999997 42 1.57556398858498
-1.1999999999999997 49 1.7075985445657214
-1.1999999999999997 58 1.8565295571068163
-1.1999999999999997 68 2.0096627557355577
-1.1999999999999997 80 2.1905468193248963
-1.1999999999999997 94 2.356019620407113
-1.1999999999999997 110 2.5595413999171237
-1.1999999999999997 129 2.7813558899200093
-1.1999999999999997 151 3.018049866371306
-1.1999999999999997 177 3.245501823841921
-1.1999999999999997 208 3.539134407002999
-1.1999999999999997 244 3.8350411060635103
-1.1999999999999997 286 4.174508938847963
-1.1999999999999997 335 4.549951264173827
-1.1999999999999997 394 4.957937669078668
-1.1999999999999997 462 5.415190032430837
-1.1999999999999997 542 5.880128570189537
-1.1999999999999997 635 6.480287179895354
-1.1999999999999997 745 7.105710171414221
-1.1999999999999997 874 7.810666983550206
-1.1999999999999997 1026 8.703003817239777
-1.1999999999999997 1203 9.669824102614893
-1.1999999999999997 1412 11.232354528955739
-1.1999999999999997 1656 13.049922012643957
-1.1999999999999997 1943 15.874304520632844
-1.1999999999999997 2279 19.632219730684398
-1.1999999999999997 2674 26.07540785309951
-1.1999999999999997 3137 40.29002635855338
-1.1999999999999997 3680 59.605778309038044
-1.1999999999999997 4317 89.02729710322306
-1.1999999999999997 5064 148.55118481221885
-1.1999999999999997 5941 248.83891612670186
-1.1999999999999997 6969 389.19445907839133
-1.1999999999999997 8176 625.6773497314718
-1.1999999999999997 9591 1018.9789218323547
-1.1999999999999997 11252 1665.929369937848
-1.1999999999999997 13199 2681.265175220353
-1.1999999999999997 15485 4341.803273817586
-1.1999999999999997 18166 7062.526264200263
-1.1999999999999997 21311 11520.108566150184
-1.1999999999999997 25000 18311.383395565274

-1.0 10 0.6915270799962501
-1.0 12 0.7933129389924667
-1.0 14 0.8760973732448206
-1.0 16 0.9511459726365858
-1.0 19 1.0472843558123606
-1.0 22 1.136741439460851
-1.0 26 1.2408441026662427
-1.0 31 1.3626595994610424
-1.0 36 1.4671438428839985
-1.0 42 1.5842406373723878
-1.0 49 1.7170875261209926
-1.0 58 1.8667484882601442
-1.0 68 2.0207247567855915
-1.0 80 2.2028854570519663
-1.0 94 2.368783732153937
-1.0 110 2.573357658148669
-1.0 129 2.796889534873831
-1.0 151 3.0351667539131544
-1.0 177 3.264375435983662
-1.0 208 3.561003885905469
-1.0 244 3.85740497642904
-1.0 286 4.200407253524452
-1.0 335 4.576447553463853
-1.0 394 4.987399397329336
-1.0 462 5.4501983353516135
-1.0 542 5.923082693859719
-1.0 635 6.536577975802761
-1.0 745 7.177017043391238
-1.0 874 7.900178702821877
-1.0 1026 8.827556042495146
-1.0 1203 9.82729996294763
-1.0 1412 11.46814291832811
-1.0 1656 13.39916388418016
-1.0 1943 16.385526218980733
-1.0 2279 20.356871160927653
-1.0 2674 27.30952060725698
-1.0 3137 42.0900320987733
-1.0 3680 62.670487016639434
-1.0 4317 94.0232848143111
-1.0 5064 156.07283835573006
-1.0 5941 260.22342057094744
-1.0 6969 408.4342914382839
-1.0 8176 657.0781996749699
-1.0 9591 1067.9065612216916
-1.0 11252 1738.9949505120874
-1.0 13199 2802.8963704879407
-1.0 15485 4539.725885903358
-1.0 18166 7373.475510235906
-1.0 21311 11993.827932913027
-1.0 25000 19259.9361475437

-0.7999999999999998 10 0.6994265536122748
-0.7999999999999998 12 0.8005383436572541
-0.7999999999999998 14 0.8830979425586245
-0.7999999999999998 16 0.958145755274207
-0.7999999999999998 19 1.0543651348261527
-0.7999999999999998 22 1.143947339648866
-0.7999999999999998 26 1.248454550793415
-0.7999999999999998 31 1.3704874129222446
-0.7999999999999998 36 1.4754735973836424
-0.7999999999999998 42 1.5929970748703235
-0.7999999999999998 49 1.7266874153310168
-0.7999999999999998 58 1.8770947595025396
-0.7999999999999998 68 2.031916581877051
-0.7999999999999998 80 2.215378075934609
-0.7999999999999998 94 2.3817202648225
-0.7999999999999998 110 2.5873865852183697
-0.7999999999999998 129 2.812667285203543
-0.7999999999999998 151 3.052610499475727
-0.7999999999999998 177 3.2836140700013705
-0.7999999999999998 208 3.5833610847624664
-0.7999999999999998 244 3.880340515238067
-0.7999999999999998 286 4.227138567225147
-0.7999999999999998 335 4.604104809062047
-0.7999999999999998 394 5.018280674307405
-0.7999999999999998 462 5.487586344261412
-0.7999999999999998 542 5.969408119257977
-0.7999999999999998 635 6.598061074686038
-0.7999999999999998 745 7.256499798554103
-0.7999999999999998 874 8.001380172905694
-0.7999999999999998 1026 8.969646465771682
-0.7999999999999998 1203 10.010625940913538
-0.7999999999999998 1412 11.742347126331364
-0.7999999999999998 1656 13.812225900216687
-0.7999999999999998 1943 16.99750382995786
-0.7999999999999998 2279 21.233607570330907
-0.7999999999999998 2674 28.798067024417115
-0.7999999999999998 3137 44.28026232153934
-0.7999999999999998 3680 66.40889161417579
-0.7999999999999998 4317 100.11328322392082
-0.7999999999999998 5064 165.1743322287058
-0.7999999999999998 5941 274.04920154855796
-0.7999999999999998 6969 432.00782933318436
-0.7999999999999998 8176 695.6622763374002
-0.7999999999999998 9591 1127.5198284881494
-0.7999999999999998 11252 1826.5821359395075
-0.7999999999999998 13199 2949.483656341638
-0.7999999999999998 15485 4778.423958425326
-0.7999999999999998 18166 7746.258351716084
-0.7999999999999998 21311 12556.40577531701
-0.7999999999999998 25000 20430.90715870381

-0.5999999999999996 10 0.7072325772788799
-0.5999999999999996 12 0.8077388846256132
-0.5999999999999996 14 0.8901102952704026
-0.5999999999999996 16 0.9651853232701327
-0.5999999999999996 19 1.0614965825192342
-0.5999999999999996 22 1.1512121043438284
-0.5999999999999996 26 1.2561386636869047
-0.5999999999999996 31 1.3783976300367857
-0.5999999999999996 36 1.483890892908035
-0.5999999999999996 42 1.6018333475385995
-0.5999999999999996 49 1.7363980226869715
-0.5999999999999996 58 1.8875700269714777
-0.5999999999999996 68 2.043240257438617
-0.5999999999999996 80 2.2280305862041323
-0.5999999999999996 94 2.3948361348479654
-0.5999999999999996 110 2.6016444665292484
-0.5999999999999996 129 2.8287152733195127
-0.5999999999999996 151 3.07041813050753
-0.5999999999999996 177 3.30326655871805
-0.5999999999999996 208 3.6062852427848644
-0.5999999999999996 244 3.903944623431036
-0.5999999999999996 286 4.254874344645904
-0.5999999999999996 335 4.633207286419048
-0.5999999999999996 394 5.050991728784576
-0.5999999999999996 462 5.528066853354654
-0.5999999999999996 542 6.020215013346214
-0.5999999999999996 635 6.666458567708365
-0.5999999999999996 745 7.347083283278757
-0.5999999999999996 874 8.118472719667395
-0.5999999999999996 1026 9.135665591577302
-0.5999999999999996 1203 10.230295880745782
-0.5999999999999996 1412 12.069118884987134
-0.5999999999999996 1656 14.313760077344766
-0.5999999999999996 1943 17.749107930247703
-0.5999999999999996 2279 22.320588193048035
-0.5999999999999996 2674 30.641918958724048
-0.5999999999999996 3137 47.00524836667794
-0.5999999999999996 3680 71.09889441499297
-0.5999999999999996 4317 107.74662500344827
-0.5999999999999996 5064 176.43797607861111
-0.5999999999999996 5941 291.19248487223086
-0.5999999999999996 6969 461.5489948278196
-0.5999999999999996 8176 744.1586032149324
-0.5999999999999996 9591 1201.5894353265594
-0.5999999999999996 11252 1933.4793730013346
-0.5999999999999996 13199 3129.0676563128904
-0.5999999999999996 15485 5070.617605236854
-0.5999999999999996 18166 8199.083896958458
-0.5999999999999996 21311 13232.941875272514
-0.5999999999999996 25000 21894.491309118814

-0.3999999999999999 10 0.714955770553348
-0.3999999999999999 12 0.8149187309374614
-0.3999999999999999 14 0.8971362386278323
-0.3999999999999999 16 0.9722645961700683
-0.3999999999999999 19 1.0686781094009001
-0.3999999999999999 22 1.1585360061160634
-0.3999999999999999 26 1.2638963956653568
-0.3999999999999999 31 1.386390259328557
-0.3999999999999999 36 1.4923954587531898
-0.3999999999999999 42 1.610749473335075
-0.3999999999999999 49 1.746219024515373
-0.3999999999999999 58 1.8981759549485717
-0.3999999999999999 68 2.0546981823795614
-0.3999999999999999 80 2.240850371718194
-0.3999999999999999 94 2.4081400284871126
-0.3999999999999999 110 2.6161518085566917
-0.3999999999999999 129 2.8450664080813888
-0.3999999999999999 151 3.088638219342305
-0.3999999999999999 177 3.3233996647092323
-0.3999999999999999 208 3.6298836602982387
-0.3999999999999999 244 3.9283552844224974
-0.3999999999999999 286 4.283857595997095
-0.3999999999999999 335 4.6641669775507255
-0.3999999999999999 394 5.086140664693533
-0.3999999999999999 462 5.5727093107369905
-0.3999999999999999 542 6.077184127636827
-0.3999999999999999 635 6.744393791495611
-0.3999999999999999 745 7.453310853844934
-0.3999999999999999 874 8.257991344745133
-0.3999999999999999 1026 9.335593228762724
-0.3999999999999999 1203 10.503356811501602
-0.3999999999999999 1412 12.470571610796053
-0.3999999999999999 1656 14.942990786048801
-0.3999999999999999 1943 18.70193644064175
-0.3999999999999999 2279 23.70860730926407
-0.3999999999999999 2674 33.0018618681494
-0.3999999999999999 3137 50.48797409903181
-0.3999999999999999 3680 77.18624707490018
-0.3999999999999999 4317 117.63864238845291
-0.3999999999999999 5064 190.74779058418022
-0.3999999999999999 5941 312.9701143015247
-0.3999999999999999 6969 499.5198893237498
-0.3999999999999999 8176 806.6583483146244
-0.3999999999999999 9591 1295.5892896684975
-0.3999999999999999 11252 2066.5811478232
-0.3999999999999999 13199 3352.8723161176376
-0.3999999999999999 15485 5433.582067567472
-0.3999999999999999 18166 8756.056921178619
-0.3999999999999999 21311 14056.244159016784
-0.3999999999999999 25000 23739.926886096928

-0.19999999999999973 10 0.7226054326226329
-0.19999999999999973 12 0.8220816369018102
-0.19999999999999973 14 0.9041773621584128
-0.19999999999999973 16 0.9793834085852658
-0.19999999999999973 19 1.0759090532436442
-0.19999999999999973 22 1.1659192312379216
-0.19999999999999973 26 1.271727662939688
-0.19999999999999973 31 1.3944652500098353
-0.19999999999999973 36 1.5009869760356014
-0.19999999999999973 42 1.6197454321029534
-0.19999999999999973 49 1.7561499614293334
-0.19999999999999973 58 1.90891422652414
-0.19999999999999973 68 2.06629323796706
-0.19999999999999973 80 2.2538466749994797
-0.19999999999999973 94 2.4216428893445308
-0.19999999999999973 110 2.6309345940594313
-0.19999999999999973 129 2.8617626165352004
-0.19999999999999973 151 3.1073351334003085
-0.19999999999999973 177 3.3441055835537847
-0.19999999999999973 208 3.654304417713966
-0.19999999999999973 244 3.953772512040335
-0.19999999999999973 286 4.314439589069416
-0.19999999999999973 335 4.697593817010377
-0.19999999999999973 394 5.124652005912429
-0.19999999999999973 462 5.623159898364705
-0.19999999999999973 542 6.1429315586457385
-0.19999999999999973 635 6.835987975219094
-0.19999999999999973 745 7.582471268952563
-0.19999999999999973 874 8.43045550536608
-0.19999999999999973 1026 9.585588311215806
-0.19999999999999973 1203 10.858643766169335
-0.19999999999999973 1412 12.982689669915272
-0.19999999999999973 1656 15.764970721562776
-0.19999999999999973 1943 19.957673936269064
-0.19999999999999973 2279 25.545236259848796
-0.19999999999999973 2674 36.143882658138466
-0.19999999999999973 3137 55.0854685928103
-0.19999999999999973 3680 85.40994620091502
-0.19999999999999973 4317 130.96155376024458
-0.19999999999999973 5064 209.47916019623815
-0.19999999999999973 5941 341.4052158649646
-0.19999999999999973 6969 549.6700310076336
-0.19999999999999973 8176 889.3179321937681
-0.19999999999999973 9591 1417.4652073928169
-0.19999999999999973 11252 2235.8562624268966
-0.19999999999999973 13199 3636.4375037124514
-0.19999999999999973 15485 5890.346677403135
-0.19999999999999973 18166 9448.327685430853
-0.19999999999999973 21311 15068.071271217928
-0.19999999999999973 25000 26073.290474089452

0.05 10 0.7320763982568343
0.05 12 0.83101655826821
0.05 14 0.9130022357374965
0.05 16 0.988337134188817
0.05 19 1.0850160929285684
0.05 22 1.1752318157330237
0.05 26 1.2816199567803794
0.05 31 1.4046746362014484
0.05 36 1.5118480830422687
0.05 42 1.6311025360877094
0.05 49 1.7687173090514998
0.05 58 1.922525792871315
0.05 68 2.0809852965256486
0.05 80 2.2703581944521445
0.05 94 2.438822667229948
0.05 110 2.6498516906622864
0.05 129 2.8832018717381156
0.05 151 3.1315106952074445
0.05 177 3.3709938241502075
0.05 208 3.686311005780243
0.05 244 3.987420472106632
0.05 286 4.3557249776506435
0.05 335 4.744292346463449
0.05 394 5.179785423985911
0.05 462 5.698482794968437
0.05 542 6.24406086486861
0.05 635 6.980225759560149
0.05 745 7.795251669477031
0.05 874 8.72008974729074
0.05 1026 10.011450988331676
0.05 1203 11.499022572417106
0.05 1412 13.875248727968717
0.05 1656 17.241699402935843
0.05 1943 22.230098531059244
0.05 2279 28.867244367897392
0.05 2674 41.891012756750044
0.05 3137 63.334840263631705
0.05 3680 100.67668574917924
0.05 4317 155.5239678647019
0.05 5064 242.53119143628314
0.05 5941 391.25520649640595
0.05 6969 638.3832194117942
0.05 8176 1035.251471171214
0.05 9591 1626.6717254794025
0.05 11252 2520.5453007460383
0.05 13199 4107.441019717916
0.05 15485 6638.7795071713945
0.05 18166 10563.127838177354
0.05 21311 16675.834348351138
0.05 25000 29845.54429648748

0.20000000000000018 10 0.7377156745562694
0.20000000000000018 12 0.8363697925949055
0.20000000000000018 14 0.9183106016930557
0.20000000000000018 16 0.9937385555451034
0.20000000000000018 19 1.0905161581815181
0.20000000000000018 22 1.1808639142238047
0.20000000000000018 26 1.2876102425772884
0.20000000000000018 31 1.410861817617766
0.20000000000000018 36 1.5184293437865044
0.20000000000000018 42 1.6379765163906226
0.20000000000000018 49 1.7763391247543732
0.20000000000000018 58 1.9307947150734561
0.20000000000000018 68 2.089909507556149
0.20000000000000018 80 2.2804180928264413
0.20000000000000018 94 2.4493045174473496
0.20000000000000018 110 2.6614681634339368
0.20000000000000018 129 2.8964224767213382
0.20000000000000018 151 3.146533899039558
0.20000000000000018 177 3.3878014874160334
0.20000000000000018 208 3.70653128531818
0.20000000000000018 244 4.008947180187969
0.20000000000000018 286 4.382721294666293
0.20000000000000018 335 4.776022928812672
0.20000000000000018 394 5.2183642134327615
0.20000000000000018 462 5.753452724422977
0.20000000000000018 542 6.320148762958511
0.20000000000000018 635 7.091225003323845
0.20000000000000018 745 7.9661848485823334
0.20000000000000018 874 8.956656572356364
0.20000000000000018 1026 10.363867078509703
0.20000000000000018 1203 12.059499304944445
0.20000000000000018 1412 14.628736219754298
0.20000000000000018 1656 18.52234834244855
0.20000000000000018 1943 24.20713420356363
0.20000000000000018 2279 31.74448922896811
0.20000000000000018 2674 46.919868702528106
0.20000000000000018 3137 70.39191160189635
0.20000000000000018 3680 114.13739576541907
0.20000000000000018 4317 176.96551081924824
0.20000000000000018 5064 270.1393488067339
0.20000000000000018 5941 432.5335621223407
0.20000000000000018 6969 711.8875899611442
0.20000000000000018 8176 1155.4207421834979
0.20000000000000018 9591 1794.3248107241616
0.20000000000000018 11252 2745.3878707601084
0.20000000000000018 13199 4472.577606434439
0.20000000000000018 15485 7209.158140685667
0.20000000000000018 18166 11398.158897447416
0.20000000000000018 21311 17866.0850328957
0.20000000000000018 25000 32634.028254702367

0.40000000000000036 10 0.7451895877389904
0.40000000000000036 12 0.8435008011729138
0.40000000000000036 14 0.9254050620966273
0.40000000000000036 16 1.0009741199376632
0.40000000000000036 19 1.0978906023185224
0.40000000000000036 22 1.188425237437199
0.40000000000000036 26 1.2956611440513408
0.40000000000000036 31 1.4191829989338471
0.40000000000000036 36 1.5272793075382245
0.40000000000000036 42 1.647211318380418
0.40000000000000036 49 1.7865957596340274
0.40000000000000036 58 1.9419405384521933
0.40000000000000036 68 2.1019402458836227
0.40000000000000036 80 2.294025911763939
0.40000000000000036 94 2.4635030566941225
0.40000000000000036 110 2.677315745899947
0.40000000000000036 129 2.9145484739297776
0.40000000000000036 151 3.1673097592152883
0.40000000000000036 177 3.4112265118529974
0.40000000000000036 208 3.7350568773675468
0.40000000000000036 244 4.039800262127905
0.40000000000000036 286 4.422358452459312
0.40000000000000036 335 4.824635862336086
0.40000000000000036 394 5.279544890671705
0.40000000000000036 462 5.844330518429488
0.40000000000000036 542 6.449885939323191
0.40000000000000036 635 7.284706082167692
0.40000000000000036 745 8.276501387831656
0.40000000000000036 874 9.392636061958331
0.40000000000000036 1026 11.021510752267217
0.40000000000000036 1203 13.165203732089727
0.40000000000000036 1412 16.061327828592066
0.40000000000000036 1656 21.012403179434227
0.40000000000000036 1943 28.048317680383136
0.40000000000000036 2279 37.294094282060264
0.40000000000000036 2674 56.67131470226926
0.40000000000000036 3137 83.75834215714899
0.40000000000000036 3680 140.1761742970148
0.40000000000000036 4317 217.86026237744352
0.40000000000000036 5064 320.6590456774665
0.40000000000000036 5941 507.2580660204548
0.40000000000000036 6969 843.6493795534839
0.40000000000000036 8176 1368.4334433862218
0.40000000000000036 9591 2084.1139724931845
0.40000000000000036 11252 3130.6507703312204
0.40000000000000036 13199 5083.18034017948
0.40000000000000036 15485 8143.8782104624215
0.40000000000000036 18166 12743.665772517183
0.40000000000000036 21311 19764.435411584855
0.40000000000000036 25000 36997.39711719793

0.6000000000000005 10 0.7526168863544689
0.6000000000000005 12 0.8506264492591806
0.6000000000000005 14 0.9325194278227397
0.6000000000000005 16 1.0082476809895693
0.6000000000000005 19 1.1053110262636447
0.6000000000000005 22 1.196045598813555
0.6000000000000005 26 1.303784747444134
0.6000000000000005 31 1.427585750677979
0.6000000000000005 36 1.5362144462978815
0.6000000000000005 42 1.6565252846856593
0.6000000000000005 49 1.7969591539461538
0.6000000000000005 58 1.95322596736569
0.6000000000000005 68 2.1141275973980322
0.6000000000000005 80 2.3078773099541112
0.6000000000000005 94 2.477982483698381
0.6000000000000005 110 2.6936388258008166
0.6000000000000005 129 2.933357590024236
0.6000000000000005 151 3.189138413709888
0.6000000000000005 177 3.436149592868787
0.6000000000000005 208 3.7659465489541653
0.6000000000000005 244 4.074044349353603
0.6000000000000005 286 4.467827206678635
0.6000000000000005 335 4.88370291909208
0.6000000000000005 394 5.357550316139378
0.6000000000000005 462 5.966022957252282
0.6000000000000005 542 6.6301568630841015
0.6000000000000005 635 7.560534809987167
0.6000000000000005 745 8.738910800443957
0.6000000000000005 874 10.05307706663007
0.6000000000000005 1026 12.031402874285845
0.6000000000000005 1203 14.968993838418667
0.6000000000000005 1412 18.305981691050473
0.6000000000000005 1656 24.979751761437946
0.6000000000000005 1943 34.13025480501914
0.6000000000000005 2279 45.99091042591782
0.6000000000000005 2674 71.87541546635173
0.6000000000000005 3137 104.10353843959777
0.6000000000000005 3680 180.05833669581844
0.6000000000000005 4317 279.1808493521019
0.6000000000000005 5064 393.51669272291855
0.6000000000000005 5941 613.4907717431375
0.6000000000000005 6969 1026.378066772639
0.6000000000000005 8176 1658.2722187784916
0.6000000000000005 9591 2468.5677626118877
0.6000000000000005 11252 3639.913500230824
0.6000000000000005 13199 5863.2042375057035
0.6000000000000005 15485 9306.3529848937
0.6000000000000005 18166 14385.099353141293
0.6000000000000005 21311 22055.638091254947
0.6000000000000005 25000 42053.248520339366

0.8000000000000007 10 0.7600023538527431
0.8000000000000007 12 0.8577489275347172
0.8000000000000007 14 0.9396545640276811
0.8000000000000007 16 1.0155586263224932
0.8000000000000007 19 1.1127763656330976
0.8000000000000007 22 1.2037246299443727
0.8000000000000007 26 1.311980691059646
0.8000000000000007 31 1.436069728703753
0.8000000000000007 36 1.5452341831911505
0.8000000000000007 42 1.6659180474084812
0.8000000000000007 49 1.8074281979235367
0.8000000000000007 58 1.964653073419537
0.8000000000000007 68 2.1264795218589643
0.8000000000000007 80 2.322000776247222
0.8000000000000007 94 2.4927789043225315
0.8000000000000007 110 2.7105280267553766
0.8000000000000007 129 2.9530115373033836
0.8000000000000007 151 3.2123164743818373
0.8000000000000007 177 3.46308642594933
0.8000000000000007 208 3.800095507725679
0.8000000000000007 244 4.113189361351551
0.8000000000000007 286 4.521856391559506
0.8000000000000007 335 4.958688017803172
0.8000000000000007 394 5.462327366584878
0.8000000000000007 462 6.137473470376813
0.8000000000000007 542 6.893621200370183
0.8000000000000007 635 7.97368413808037
0.8000000000000007 745 9.45808877826515
0.8000000000000007 874 11.09534724794196
0.8000000000000007 1026 13.642192564732879
0.8000000000000007 1203 17.98585470137098
0.8000000000000007 1412 21.938880549463924
0.8000000000000007 1656 31.39703427692183
0.8000000000000007 1943 43.835596690754215
0.8000000000000007 2279 59.71698876951376
0.8000000000000007 2674 95.3363675089048
0.8000000000000007 3137 135.01708641236098
0.8000000000000007 3680 239.41376362383184
0.8000000000000007 4317 368.1846842597578
0.8000000000000007 5064 497.0169256796255
0.8000000000000007 5941 762.1498864556238
0.8000000000000007 6969 1272.262714671747
0.8000000000000007 8176 2038.7007094794797
0.8000000000000007 9591 2964.0611182896346
0.8000000000000007 11252 4298.5556612316295
0.8000000000000007 13199 6834.180646070578
0.8000000000000007 15485 10712.139318745445
0.8000000000000007 18166 16334.778606746648
0.8000000000000007 21311 24752.076162731013
0.8000000000000007 25000 47662.968824862895

1.0 10 0.7673501995725782
1.0 12 0.8648701969957776
1.0 14 0.9468112321350458
1.0 16 1.022906251129442
1.0 19 1.1202854738227532
1.0 22 1.211461829147538
1.0 26 1.3202485410951854
1.0 31 1.4446345299235752
1.0 36 1.5543378839637247
1.0 42 1.675389136798279
1.0 49 1.8180016688999054
1.0 58 1.9762240980332395
1.0 68 2.139005823482085
1.0 80 2.3364318926360874
1.0 94 2.50793840898631
1.0 110 2.728100584106748
1.0 129 2.9737261056238693
1.0 151 3.2372528815957535
1.0 177 3.4927736675790246
1.0 208 3.838811240620017
1.0 244 4.159529346426151
1.0 286 4.588636767349074
1.0 335 5.058220317964353
1.0 394 5.610185592679052
1.0 462 6.389893684542259
1.0 542 7.294491771904847
1.0 635 8.615201222047562
1.0 745 10.602493366455903
1.0 874 12.770309084152327
1.0 1026 16.23936760748924
1.0 1203 22.95165041391006
1.0 1412 27.8046283233136
1.0 1656 41.51113930790324
1.0 1943 58.82362703752419
1.0 2279 80.70759680691792
1.0 2674 129.8230691150108
1.0 3137 180.31719442723627
1.0 3680 322.37888620855364
1.0 4317 489.4969138926862
1.0 5064 638.1649832803096
1.0 5941 962.0957532907559
1.0 6969 1587.308132905759
1.0 8176 2512.6529017704192
1.0 9591 3575.807356498886
1.0 11252 5119.239759454081
1.0 13199 7999.083979599214
1.0 15485 12351.68282774254
1.0 18166 18573.984966884276
1.0 21311 27825.691043045914
1.0 25000 53617.20423108354

1.2000000000000002 10 0.7746641397256299
1.2000000000000002 12 0.8719920099633676
1.2000000000000002 14 0.9539900956142241
1.2000000000000002 16 1.030289757714413
1.2000000000000002 19 1.1278371234375677
1.2000000000000002 22 1.219256555201155
1.2000000000000002 26 1.3285877869151645
1.2000000000000002 31 1.453279691670765
1.2000000000000002 36 1.5635248541629936
1.2000000000000002 42 1.6849379708321437
1.2000000000000002 49 1.8286782411219265
1.2000000000000002 58 1.9879414962647008
1.2000000000000002 68 2.1517185665944987
1.2000000000000002 80 2.351215019120943
1.2000000000000002 94 2.5235198791312277
1.2000000000000002 110 2.746508242899099
1.2000000000000002 129 2.995790005816035
1.2000000000000002 151 3.2645123178767634
1.2000000000000002 177 3.5262635192577725
1.2000000000000002 208 3.884001883875025
1.2000000000000002 244 4.216537477280304
1.2000000000000002 286 4.674568867088366
1.2000000000000002 335 5.195772572428174
1.2000000000000002 394 5.827355820142325
1.2000000000000002 462 6.7729617110324245
1.2000000000000002 542 7.918114104649389
1.2000000000000002 635 9.624673548611419
1.2000000000000002 745 12.410702496173975
1.2000000000000002 874 15.420169134257838
1.2000000000000002 1026 20.31434473368992
1.2000000000000002 1203 30.627891260664104
1.2000000000000002 1412 36.849835435662946
1.2000000000000002 1656 56.41968645878047
1.2000000000000002 1943 80.40852993809084
1.2000000000000002 2279 110.72861071531004
1.2000000000000002 2674 176.8177442016413
1.2000000000000002 3137 242.50997860117465
1.2000000000000002 3680 429.3034942647345
1.2000000000000002 4317 642.4328899224213
1.2000000000000002 5064 819.5273436500142
1.2000000000000002 5941 1216.0723028363325
1.2000000000000002 6969 1967.846068287121
1.2000000000000002 8176 3069.281471170915
1.2000000000000002 9591 4293.952199505482
1.2000000000000002 11252 6094.255102024105
1.2000000000000002 13199 9337.608854900902
1.2000000000000002 15485 14188.681753347812
1.2000000000000002 18166 21052.50335935408
1.2000000000000002 21311 31207.448516894434
1.2000000000000002 25000 59683.959672412384

1.4000000000000004 10 0.7819474679981403
1.4000000000000004 12 0.8791159283993599
1.4000000000000004 14 0.9611917232898853
1.4000000000000004 16 1.0377082552816876
1.4000000000000004 19 1.1354300085499012
1.4000000000000004 22 1.2271080217687924
1.4000000000000004 26 1.3369978368546513
1.4000000000000004 31 1.4620046907199717
1.4000000000000004 36 1.5727943359141994
1.4000000000000004 42 1.6945638452354523
1.4000000000000004 49 1.8394564973191199
1.4000000000000004 58 1.9998079870340557
1.4000000000000004 68 2.1646325737696275
1.4000000000000004 80 2.3664053369215807
1.4000000000000004 94 2.5395985512569275
1.4000000000000004 110 2.7659473238309733
1.4000000000000004 129 3.0195898441382045
1.4000000000000004 151 3.2948740061499966
1.4000000000000004 177 3.5650543687045957
1.4000000000000004 208 3.938437329450006
1.4000000000000004 244 4.289420903843594
1.4000000000000004 286 4.789279354243718
1.4000000000000004 335 5.3917991856871
1.4000000000000004 394 6.1541605821609
1.4000000000000004 462 7.360046563536957
1.4000000000000004 542 8.884826424455248
1.4000000000000004 635 11.185606510962636
1.4000000000000004 745 15.148395360686111
1.4000000000000004 874 19.394636550469208
1.4000000000000004 1026 26.305130666021036
1.4000000000000004 1203 41.415219155687595
1.4000000000000004 1412 49.718507028907034
1.4000000000000004 1656 76.5157616360767
1.4000000000000004 1943 108.89963583044681
1.4000000000000004 2279 150.21244205329756
1.4000000000000004 2674 235.78745389792724
1.4000000000000004 3137 321.5374102400362
1.4000000000000004 3680 556.5170243218267
1.4000000000000004 4317 821.2037097513445
1.4000000000000004 5064 1037.772671546319
1.4000000000000004 5941 1518.9174251057466
1.4000000000000004 6969 2401.4048884556273
1.4000000000000004 8176 3687.2939704553173
1.4000000000000004 9591 5095.750380216779
1.4000000000000004 11252 7195.436724564248
1.4000000000000004 13199 10809.802491848639
1.4000000000000004 15485 16167.510716791963
1.4000000000000004 18166 23698.126761405092
1.4000000000000004 21311 34799.39678308555
1.4000000000000004 25000 65655.58847898518

1.6000000000000005 10 0.7892031168927215
1.6000000000000005 12 0.8862433396912281
1.6000000000000005 14 0.9684165905669099
1.6000000000000005 16 1.0451607599752895
1.6000000000000005 19 1.1430627477365505
1.6000000000000005 22 1.2350152926085685
1.6000000000000005 26 1.3454780146411607
1.6000000000000005 31 1.470808941915961
1.6000000000000005 36 1.5821455042920818
1.6000000000000005 42 1.7042659240900737
1.6000000000000005 49 1.850334941978861
1.6000000000000005 58 2.0118266100319593
1.6000000000000005 68 2.1777660205815894
1.6000000000000005 80 2.3820713062742245
1.6000000000000005 94 2.556270513175168
1.6000000000000005 110 2.7866713935076355
1.6000000000000005 129 3.0456426974644426
1.6000000000000005 151 3.329409450344215
1.6000000000000005 177 3.611264834699777
1.6000000000000005 208 4.006091369936088
1.6000000000000005 244 4.385836391098437
1.6000000000000005 286 4.946810101555854
1.6000000000000005 335 5.675700848060882
1.6000000000000005 394 6.647356364730129
1.6000000000000005 462 8.245271700768546
1.6000000000000005 542 10.333110763518167
1.6000000000000005 635 13.480465827054685
1.6000000000000005 745 19.00303591996277
1.6000000000000005 874 24.894267141921915
1.6000000000000005 1026 34.38078670633421
1.6000000000000005 1203 55.128197740340376
1.6000000000000005 1412 66.424618832958
1.6000000000000005 1656 101.33035065880483
1.6000000000000005 1943 143.52696708317038
1.6000000000000005 2279 198.13887116392806
1.6000000000000005 2674 304.60041188886663
1.6000000000000005 3137 414.9070959228748
1.6000000000000005 3680 698.1680211871935
1.6000000000000005 4317 1017.5534917832692
1.6000000000000005 5064 1285.0339248359828
1.6000000000000005 5941 1859.471999721949
1.6000000000000005 6969 2871.0814093985023
1.6000000000000005 8176 4341.846074228949
1.6000000000000005 9591 5952.246417416904
1.6000000000000005 11252 8382.048591000817
1.6000000000000005 13199 12366.012138045267
1.6000000000000005 15485 18225.685483346584
1.6000000000000005 18166 26431.450047980634
1.6000000000000005 21311 38493.84934688877
1.6000000000000005 25000 71376.41429646585

1.8000000000000007 10 0.7964337108604403
1.8000000000000007 12 0.8933754700863832
1.8000000000000007 14 0.9756650789200848
1.8000000000000007 16 1.0526461951671782
1.8000000000000007 19 1.150733887829321
1.8000000000000007 22 1.2429772776548655
1.8000000000000007 26 1.3540275565147064
1.8000000000000007 31 1.4796917963655372
1.8000000000000007 36 1.5915774632975082
1.8000000000000007 42 1.7140432311747862
1.8000000000000007 49 1.861312016239219
1.8000000000000007 58 2.0240007895024785
1.8000000000000007 68 2.191141142488268
1.8000000000000007 80 2.398297592261428
1.8000000000000007 94 2.573658326174263
1.8000000000000007 110 2.8090069316144364
1.8000000000000007 129 3.074637586169708
1.8000000000000007 151 3.3695813022350682
1.8000000000000007 177 3.6678515861297907
1.8000000000000007 208 4.092545302237886
1.8000000000000007 244 4.516661727787631
1.8000000000000007 286 5.166553467428532
1.8000000000000007 335 6.085812263719733
1.8000000000000007 394 7.375157506201032
1.8000000000000007 462 9.522634683480126
1.8000000000000007 542 12.372797940201334
1.8000000000000007 635 16.612133339720483
1.8000000000000007 745 23.98752576150723
1.8000000000000007 874 31.869986366151362
1.8000000000000007 1026 44.370601228719394
1.8000000000000007 1203 71.15372010460591
1.8000000000000007 1412 86.41428009541579
1.8000000000000007 1656 129.86157067317427
1.8000000000000007 1943 182.91274475572757
1.8000000000000007 2279 252.62690832645478
1.8000000000000007 2674 380.49787876484385
1.8000000000000007 3137 518.8610605262016
1.8000000000000007 3680 848.2974017543974
1.8000000000000007 4317 1223.4248696083464
1.8000000000000007 5064 1551.6962793305204
1.8000000000000007 5941 2224.37053321155
1.8000000000000007 6969 3360.1340390098726
1.8000000000000007 8176 5010.4257098265
1.8000000000000007 9591 6835.138973154005
1.8000000000000007 11252 9611.316131903499
1.8000000000000007 13199 13957.48855859992
1.8000000000000007 15485 20305.23679504457
1.8000000000000007 18166 29179.2614143279
1.8000000000000007 21311 42191.288948824505
1.8000000000000007 25000 76748.58086007362

2.0 10 0.8036416121687279
2.0 12 0.9005133959681642
2.0 14 0.9829374739681903
2.0 16 1.060163391991864
2.0 19 1.158441908300804
2.0 22 1.2509927300557007
2.0 26 1.3626456091156791
2.0 31 1.4886525391540075
2.0 36 1.601089241457718
2.0 42 1.7238946421769978
2.0 49 1.8723861142770257
2.0 58 2.036334404966689
2.0 68 2.2047850702926937
2.0 80 2.415188500523722
2.0 94 2.5919179712024443
2.0 110 2.8333722091997706
2.0 129 3.1074863323304633
2.0 151 3.417361150673286
2.0 177 3.7388519459067937
2.0 208 4.205366184402959
2.0 244 4.696482070957795
2.0 286 5.472930141491227
2.0 335 6.664452329887424
2.0 394 8.399567070532584
2.0 462 11.249164135040852
2.0 542 15.033006057018547
2.0 635 20.55326006807944
2.0 745 29.944738554991893
2.0 874 40.072377273738915
2.0 1026 55.88647888951544
2.0 1203 88.76125934202406
2.0 1412 108.87489194491721
2.0 1656 160.99409599311596
2.0 1943 225.58125052571123
2.0 2279 311.61172814333287
2.0 2674 460.8469909866276
2.0 3137 629.537087378287
2.0 3680 1001.9831613512065
2.0 4317 1432.3375085342898
2.0 5064 1828.7009754820444
2.0 5941 2601.1787236600426
2.0 6969 3854.6812932660073
2.0 8176 5675.663725283531
2.0 9591 7720.9605741232635
2.0 11252 10846.215904805227
2.0 13199 15543.383391005722
2.0 15485 22359.37510750137
2.0 18166 31882.518493290627
2.0 21311 45811.479142732445
2.0 25000 81723.84162951213

2.2 10 0.8108289603349861
2.2 12 0.9076580531713763
2.2 14 0.9902339624271368
2.2 16 1.0677110901253097
2.2 19 1.16618522619606
2.2 22 1.2590602442407628
2.2 26 1.3713312281977432
2.2 31 1.497690386556163
2.2 36 1.6106797870785448
2.2 42 1.7338188779066104
2.2 49 1.8835556010329837
2.2 58 2.048831868795013
2.2 68 2.2187308107607664
2.2 80 2.4328719386538493
2.2 94 2.611247291042484
2.2 110 2.8602991709773447
2.2 129 3.145382255374007
2.2 151 3.475354026312921
2.2 177 3.8295914432769655
2.2 208 4.354249907560222
2.2 244 4.943093047963018
2.2 286 5.89234415510039
2.2 335 7.446428599092437
2.2 394 9.750976290750621
2.2 462 13.417533342292307
2.2 542 18.250732453070498
2.2 635 25.169608397237294
2.2 745 36.6341772826701
2.2 874 49.17714620768826
2.2 1026 68.4896178918041
2.2 1203 107.30558637666337
2.2 1412 132.99725522942293
2.2 1656 193.74230678089282
2.2 1943 270.2385228572045
2.2 2279 373.2471289193488
2.2 2674 543.4726573434617
2.2 3137 743.6138976919442
2.2 3680 1155.614956762767
2.2 4317 1639.6527377043622
2.2 5064 2108.6729981191143
2.2 5941 2979.917619706631
2.2 6969 4344.465341407235
2.2 8176 6325.6267250626515
2.2 9591 8592.374530739622
2.2 11252 12058.814839230265
2.2 13199 17093.34320119881
2.2 15485 24354.367584195214
2.2 18166 34498.70912490168
2.2 21311 49297.070236870364
2.2 25000 86290.16618990124

2.4000000000000004 10 0.817997705842413
2.4000000000000004 12 0.9148102445376982
2.4000000000000004 14 0.9975546282157237
2.4000000000000004 16 1.0752879388070877
2.4000000000000004 19 1.1739622015123659
2.4000000000000004 22 1.2671782550849557
2.4000000000000004 26 1.3800833782088606
2.4000000000000004 31 1.5068044827222529
2.4000000000000004 36 1.6203479631871274
2.4000000000000004 42 1.7438144986319677
2.4000000000000004 49 1.8948188310805438
2.4000000000000004 58 2.0614982103387884
2.4000000000000004 68 2.2330183877194876
2.4000000000000004 80 2.451503870594191
2.4000000000000004 94 2.631896017803637
2.4000000000000004 110 2.8904572928759524
2.4000000000000004 129 3.189861034815308
2.4000000000000004 151 3.546898711463855
2.4000000000000004 177 3.946729054770373
2.4000000000000004 208 4.550567159695755
2.4000000000000004 244 5.2751246040613164
2.4000000000000004 286 6.446716713754402
2.4000000000000004 335 8.445347904395938
2.4000000000000004 394 11.41361385523742
2.4000000000000004 462 15.9622344979014
2.4000000000000004 542 21.906454420457266
2.4000000000000004 635 30.28450938216035
2.4000000000000004 745 43.81557751352341
2.4000000000000004 874 58.879669254648974
2.4000000000000004 1026 81.7900749372156
2.4000000000000004 1203 126.29023690549302
2.4000000000000004 1412 158.09643386283824
2.4000000000000004 1656 227.32375889733908
2.4000000000000004 1943 315.85469266362895
2.4000000000000004 2279 436.04760105566237
2.4000000000000004 2674 626.7115594448995
2.4000000000000004 3137 858.5075275712268
2.4000000000000004 3680 1306.7391698923768
2.4000000000000004 4317 1842.3091699019599
2.4000000000000004 5064 2386.1432374451842
2.4000000000000004 5941 3353.328491792972
2.4000000000000004 6969 4822.515419228374
2.4000000000000004 8176 6952.894240173365
2.4000000000000004 9591 9437.699458933761
2.4000000000000004 11252 13230.275484670066
2.4000000000000004 13199 18587.051265954735
2.4000000000000004 15485 26268.36069983879
2.4000000000000004 18166 37000.488733694976
2.4000000000000004 21311 52611.95701694427
2.4000000000000004 25000 90458.83811283107

2.6000000000000005 10 0.825149638750979
2.6000000000000005 12 0.9219706459114687
2.6000000000000005 14 1.004899447969513
2.6000000000000005 16 1.0828924981066437
2.6000000000000005 19 1.181771142923318
2.6000000000000005 22 1.275345038220054
2.6000000000000005 26 1.3889009327680002
2.6000000000000005 31 1.5159938958317982
2.6000000000000005 36 1.6300925422140748
2.6000000000000005 42 1.7538798996442537
2.6000000000000005 49 1.9061741684114675
2.6000000000000005 58 2.074339166088471
2.6000000000000005 68 2.2476961555013912
2.6000000000000005 80 2.471273149838069
2.6000000000000005 94 2.65417729620077
2.6000000000000005 110 2.9246769674638315
2.6000000000000005 129 3.242850914353649
2.6000000000000005 151 3.636084608101241
2.6000000000000005 177 4.097937989030259
2.6000000000000005 208 4.805913733554154
2.6000000000000005 244 5.707523504987456
2.6000000000000005 286 7.145725538569613
2.6000000000000005 335 9.647336156983506
2.6000000000000005 394 13.334182541983884
2.6000000000000005 462 18.790006914483435
2.6000000000000005 542 25.869574542261677
2.6000000000000005 635 35.73026678266548
2.6000000000000005 745 51.289587974351356
2.6000000000000005 874 68.93247377582193
2.6000000000000005 1026 95.47739933282102
2.6000000000000005 1203 145.3583437711567
2.6000000000000005 1412 183.63677491477443
2.6000000000000005 1656 261.1492141132298
2.6000000000000005 1943 361.65103743828377
2.6000000000000005 2279 498.8897753765541
2.6000000000000005 2674 709.3493898051297
2.6000000000000005 3137 972.3327493723165
2.6000000000000005 3680 1453.7869928212574
2.6000000000000005 4317 2038.4282945274772
2.6000000000000005 5064 2657.32680482539
2.6000000000000005 5941 3716.520312351392
2.6000000000000005 6969 5284.435467807755
2.6000000000000005 8176 7553.355318208784
2.6000000000000005 9591 10249.749325904813
2.6000000000000005 11252 14349.269635592142
2.6000000000000005 13199 20012.377525161803
2.6000000000000005 15485 28088.93737961615
2.6000000000000005 18166 39372.67299851931
2.6000000000000005 21311 55737.16027664145
2.6000000000000005 25000 94254.36733627829

2.8000000000000007 10 0.8322864127264191
2.8000000000000007 12 0.9291398107750332
2.8000000000000007 14 1.012268286202374
2.8000000000000007 16 1.0905232404369603
2.8000000000000007 19 1.1896103137404281
2.8000000000000007 22 1.2835587115329776
2.8000000000000007 26 1.397782676048375
2.8000000000000007 31 1.525257613722177
2.8000000000000007 36 1.6399122004745643
2.8000000000000007 42 1.7640133081406937
2.8000000000000007 49 1.9176200068791371
2.8000000000000007 58 2.0873612750307204
2.8000000000000007 68 2.262822289789057
2.8000000000000007 80 2.4924064898622076
2.8000000000000007 94 2.678480282156063
2.8000000000000007 110 2.963967781256147
2.8000000000000007 129 3.3066889503536143
2.8000000000000007 151 3.7475958143846424
2.8000000000000007 177 4.291011964231604
2.8000000000000007 208 5.129610908947314
2.8000000000000007 244 6.246431911229657
2.8000000000000007 286 7.982544855596157
2.8000000000000007 335 11.01700769985517
2.8000000000000007 394 15.443911047293934
2.8000000000000007 462 21.808415391329326
2.8000000000000007 542 30.025878723067603
2.8000000000000007 635 41.37002761612373
2.8000000000000007 745 58.90516274788692
2.8000000000000007 874 79.1477254664016
2.8000000000000007 1026 109.31672195344952
2.8000000000000007 1203 164.2625328337135
2.8000000000000007 1412 209.21689442820343
2.8000000000000007 1656 294.78755757922795
2.8000000000000007 1943 407.05722996693027
2.8000000000000007 2279 560.9603021780504
2.8000000000000007 2674 790.5296273560168
2.8000000000000007 3137 1083.781068596474
2.8000000000000007 3680 1595.8211125377263
2.8000000000000007 4317 2226.9597384579133
2.8000000000000007 5064 2919.7679258234057
2.8000000000000007 5941 4066.440073014417
2.8000000000000007 6969 5727.69410700404
2.8000000000000007 8176 8125.15117283322
2.8000000000000007 9591 11024.620702522556
2.8000000000000007 11252 15410.024928753302
2.8000000000000007 13199 21363.25686232848
2.8000000000000007 15485 29810.547518820338
2.8000000000000007 18166 41608.98666519735
2.8000000000000007 21311 58666.226851771826
2.8000000000000007 25000 97707.51321242578

3.0 10 0.8394095649348008
3.0 12 0.9363181737202962
3.0 14 1.0196608903406748
3.0 16 1.0981785523216747
3.0 19 1.1974779380049794
3.0 22 1.2918172378735124
3.0 26 1.4067273050605185
3.0 31 1.5345945390144948
3.0 36 1.6498055125182371
3.0 42 1.7742127814986535
3.0 49 1.929154791011488
3.0 58 2.100571978022744
3.0 68 2.27846644920327
3.0 80 2.515173143942963
3.0 94 2.7052828441893118
3.0 110 3.0095241066082754
3.0 129 3.38406833285586
3.0 151 3.886287194157852
3.0 177 4.532369823736792
3.0 208 5.525908282372996
3.0 244 6.886499369756416
3.0 286 8.93618541294366
3.0 335 12.510077736487213
3.0 394 17.67718343791954
3.0 462 24.940274097503874
3.0 542 34.285930204058495
3.0 635 47.100065578044244
3.0 745 66.55268422962007
3.0 874 89.38713689473967
3.0 1026 123.13459573027403
3.0 1203 182.83561274324546
3.0 1412 234.54445430374
3.0 1656 327.92991980560083
3.0 1943 451.66646381222506
3.0 2279 621.6925670545643
3.0 2674 869.668441330558
3.0 3137 1191.9886153308526
3.0 3680 1732.3381018200905
3.0 4317 2407.409762596625
3.0 5064 3171.9967820878082
3.0 5941 4401.372407504021
3.0 6969 6151.0492817695385
3.0 8176 8667.877885867862
3.0 9591 11760.680302261493
3.0 11252 16410.58907819499
3.0 13199 22637.82679186806
3.0 15485 31432.32566144271
3.0 18166 43709.246546370254
3.0 21311 61401.17727999373
3.0 25000 100850.87154193345

3.2 10 0.8465205321894166
3.2 12 0.9435060529495863
3.2 14 1.0270768858410928
3.2 16 1.1058567364245337
3.2 19 1.2053722066052242
3.2 22 1.300118428977369
3.2 26 1.4157334328105766
3.2 31 1.5440034837760437
3.2 36 1.6597709454277432
3.2 42 1.7844762069925935
3.2 49 1.940777036879501
3.2 58 2.1139797195831824
3.2 68 2.294711582388209
3.2 80 2.5398886129180975
3.2 94 2.735162556262911
3.2 110 3.062707265551564
3.2 129 3.4778759760414584
3.2 151 4.056458933771379
3.2 177 4.825343017282024
3.2 208 5.992317723596548
3.2 244 7.61250386848155
3.2 286 9.978406607690632
3.2 335 14.084114679402973
3.2 394 19.98028006273129
3.2 462 28.12662816950674
3.2 542 38.583419007742805
3.2 635 52.84443718307737
3.2 745 74.15412824959296
3.2 874 99.55032762530044
3.2 1026 136.80477195642698
3.2 1203 200.9676420666117
3.2 1412 259.41195537130136
3.2 1656 360.35990191175387
3.2 1943 495.19700823485107
3.2 2279 680.7086868755441
3.2 2674 946.3851319119302
3.2 3137 1296.4211429577756
3.2 3680 1863.125327604263
3.2 4317 2579.6478731139123
3.2 5064 3413.247102863208
3.2 5941 4720.535458090995
3.2 6969 6554.122960143263
3.2 8176 9182.030091416143
3.2 9591 12457.80256356614
3.2 11252 17351.487724953862
3.2 13199 23836.982222721894
3.2 15485 32956.42702267498
3.2 18166 45677.181807983055
3.2 21311 63949.346531290044
3.2 25000 103716.30253681392

3.4000000000000004 10 0.8536206636893394
3.4000000000000004 12 0.9507036519943185
3.4000000000000004 14 1.0345157715889737
3.4000000000000004 16 1.1135560138526732
3.4000000000000004 19 1.2132912833188398
3.4000000000000004 22 1.3084599505927088
3.4000000000000004 26 1.4247995922912493
3.4000000000000004 31 1.5534831637762623
3.4000000000000004 36 1.6698068531551156
3.4000000000000004 42 1.794801302984153
3.4000000000000004 49 1.9524853526850718
3.4000000000000004 58 2.127594050008854
3.4000000000000004 68 2.311655827502489
3.4000000000000004 80 2.5669163841942257
3.4000000000000004 94 2.7688030266441985
3.4000000000000004 110 3.1249916035826035
3.4000000000000004 129 3.590892538299862
3.4000000000000004 151 4.260950012393452
3.4000000000000004 177 5.169009759154936
3.4000000000000004 208 6.520111732521896
3.4000000000000004 244 8.404008104992633
3.4000000000000004 286 11.080635210904163
3.4000000000000004 335 15.703928601787798
3.4000000000000004 394 22.312730937359547
3.4000000000000004 462 31.32444674701018
3.4000000000000004 542 42.87042482366954
3.4000000000000004 635 58.54841340476335
3.4000000000000004 745 81.65450726105199
3.4000000000000004 874 109.56515629573235
3.4000000000000004 1026 150.2366667896128
3.4000000000000004 1203 218.5892336349028
3.4000000000000004 1412 283.6765510797674
3.4000000000000004 1656 391.93046448640604
3.4000000000000004 1943 537.4614957879714
3.4000000000000004 2279 737.7715481214055
3.4000000000000004 2674 1020.4482266659514
3.4000000000000004 3137 1396.782466389246
3.4000000000000004 3680 1988.160915513303
3.4000000000000004 4317 2743.773941702543
3.4000000000000004 5064 3643.240290315444
3.4000000000000004 5941 5023.777789157921
3.4000000000000004 6969 6937.100910054718
3.4000000000000004 8176 9668.62962621694
3.4000000000000004 9591 13116.82627073773
3.4000000000000004 11252 18234.762511528435
3.4000000000000004 13199 24963.329188581632
3.4000000000000004 15485 34386.83756801673
3.4000000000000004 18166 47518.85988731379
3.4000000000000004 21311 66321.1029327454
3.4000000000000004 25000 106333.57379695961

3.6000000000000005 10 0.8607112306533872
3.6000000000000005 12 0.9579110608342022
3.6000000000000005 14 1.041976915759513
3.6000000000000005 16 1.1212745267473823
3.6000000000000005 19 1.2212333106876991
3.6000000000000005 22 1.3168393287800846
3.6000000000000005 26 1.4339242412453443
3.6000000000000005 31 1.5630321924111108
3.6000000000000005 36 1.6799114709935248
3.6000000000000005 42 1.8051856215929656
3.6000000000000005 49 1.9642784587142
3.6000000000000005 58 2.14142572516226
3.6000000000000005 68 2.329414411371537
3.6000000000000005 80 2.596666363228352
3.6000000000000005 94 2.806991271338996
3.6000000000000005 110 3.1978637697731185
3.6000000000000005 129 3.725371447514696
3.6000000000000005 151 4.500354084536776
3.6000000000000005 177 5.5582280649513915
3.6000000000000005 208 7.096647558826639
3.6000000000000005 244 9.240144161803391
3.6000000000000005 286 12.218153645900895
3.6000000000000005 335 17.342670417974414
3.6000000000000005 394 24.645387069508608
3.6000000000000005 462 34.50301074199877
3.6000000000000005 542 47.11274023205525
3.6000000000000005 635 64.1729237084421
3.6000000000000005 745 89.01543780767847
3.6000000000000005 874 119.38045423957323
3.6000000000000005 1026 163.3665911870773
3.6000000000000005 1203 235.65965878744174
3.6000000000000005 1412 307.2440507311297
3.6000000000000005 1656 422.54636755303176
3.6000000000000005 1943 578.3430643249292
3.6000000000000005 2279 792.7470720339637
3.6000000000000005 2674 1091.7347035631235
3.6000000000000005 3137 1492.9447653668008
3.6000000000000005 3680 2107.545065936566
3.6000000000000005 4317 2900.028707113591
3.6000000000000005 5064 3862.026775868346
3.6000000000000005 5941 5311.360071033296
3.6000000000000005 6969 7300.525841054425
3.6000000000000005 8176 10128.984560829744
3.6000000000000005 9591 13739.179412302909
3.6000000000000005 11252 19063.313676401518
3.6000000000000005 13199 26020.46013723537
3.6000000000000005 15485 35728.55854955325
3.6000000000000005 18166 49241.60249125959
3.6000000000000005 21311 68528.28987315434
3.6000000000000005 25000 108729.75716055247

3.8000000000000007 10 0.8677934331277539
3.8000000000000007 12 0.965128256592736
3.8000000000000007 14 1.04945955230835
3.8000000000000007 16 1.1290103411774661
3.8000000000000007 19 1.2291964156411401
3.8000000000000007 22 1.3252539573376623
3.8000000000000007 26 1.4431057676253431
3.8000000000000007 31 1.572649074388632
3.8000000000000007 36 1.6900829102890653
3.8000000000000007 42 1.8156265528325777
3.8000000000000007 49 1.9761552062881924
3.8000000000000007 58 2.155486800635275
3.8000000000000007 68 2.348121401878458
3.8000000000000007 80 2.629588373386485
3.8000000000000007 94 2.850600684255588
3.8000000000000007 110 3.282673410821394
3.8000000000000007 129 3.8825846081295743
3.8000000000000007 151 4.7727121257052785
3.8000000000000007 177 5.984851667999736
3.8000000000000007 208 7.70817561714839
3.8000000000000007 244 10.102653443921879
3.8000000000000007 286 13.371516302254904
3.8000000000000007 335 18.980824090895425
3.8000000000000007 394 26.957758308210842
3.8000000000000007 462 37.64064532139235
3.8000000000000007 542 51.286165645484026
3.8000000000000007 635 69.69038089357797
3.8000000000000007 745 96.21054748807295
3.8000000000000007 874 128.96071161022016
3.8000000000000007 1026 176.1511721499459
3.8000000000000007 1203 252.15839009448575
3.8000000000000007 1412 330.0565155839965
3.8000000000000007 1656 452.1508982745351
3.8000000000000007 1943 617.777057713758
3.8000000000000007 2279 845.5753487294238
3.8000000000000007 2674 1160.1995069072968
3.8000000000000007 3137 1584.8968801766184
3.8000000000000007 3680 2221.453401368483
3.8000000000000007 4317 3048.7342894231647
3.8000000000000007 5064 4069.8721525218984
3.8000000000000007 5941 5583.80165806026
3.8000000000000007 6969 7645.1567841577025
3.8000000000000007 8176 10564.536168970897
3.8000000000000007 9591 14326.625387782562
3.8000000000000007 11252 19840.465935754997
3.8000000000000007 13199 27012.467714526654
3.8000000000000007 15485 36987.06530519984
3.8000000000000007 18166 50853.266449257244
3.8000000000000007 21311 70583.20962417635
3.8000000000000007 25000 110929.0680243039

4.0 10 0.8748684042284495
4.0 12 0.9723551039763418
4.0 14 1.056962778241115
4.0 16 1.1367614503509191
4.0 19 1.2371787147947007
4.0 22 1.3337011062860658
4.0 26 1.4523424956571662
4.0 31 1.5823321992856576
4.0 36 1.7003191535027935
4.0 42 1.8261213301726684
4.0 49 1.9881145953372779
4.0 58 2.16979071628497
4.0 68 2.3679310985891253
4.0 80 2.6661590199678673
4.0 94 2.900553926052438
4.0 110 3.3804504554313084
4.0 129 4.0624820012782585
4.0 151 5.073844299432212
4.0 177 6.439468633334782
4.0 208 8.341968708098026
4.0 244 10.977027148931322
4.0 286 14.526303537210222
4.0 335 20.604604113366157
4.0 394 29.23565736490701
4.0 462 40.72220788583178
4.0 542 55.373797620461254
4.0 635 75.08166374995658
4.0 745 103.22223175164314
4.0 874 138.28218327662952
4.0 1026 188.56239631625513
4.0 1203 268.0790646966646
4.0 1412 352.08275037771375
4.0 1656 480.71584216829365
4.0 1943 655.7370886347451
4.0 2279 896.2489477508726
4.0 2674 1225.8529059594296
4.0 3137 1672.7065862026575
4.0 3680 2330.105544515033
4.0 4317 3190.2551114517905
4.0 5064 4267.176760005782
4.0 5941 5841.774646523902
4.0 6969 7971.874343242239
4.0 8176 10976.763775510271
4.0 9591 14881.093948666594
4.0 11252 20569.69029251859
4.0 13199 27943.627407987922
4.0 15485 38167.95831900357
4.0 18166 52361.78302748584
4.0 21311 72497.99119298108
4.0 25000 112952.94833532779

