0.994217314265505
1.78777004636193
-2.31838325654733
0.914917351387395
-2.63519277179612
1.7872684804391
1.59315295988269
0.148232309871865
-0.183945374968381
0.611969197543736
-0.832340783417273
1.41711591548661
0.643915273535093
1.85013872588737
0.331031166286515
-1.68426840743295
-2.05013720519296
-0.925354729854384
0.461225816841782
-0.412698236920313
-2.16740372666946
1.19451739676091
1.29713222823172
-0.465373507137691
0.541417789938031
-1.36073360887978
-1.76120036852851
1.06805330973926
0.200654876645238
-0.264652713392174
-0.851602030620349
-0.749726806488333
0.714502893360212
0.634133565532998
-0.238714140775279
-0.802682262177349
0.461662326467284
0.150780531932774
0.816560977246603
1.19513248389759
-0.610853990713942
-3.12664764375032
0.0164678650530945
-0.108898573840669
0.114631264405396
-1.09841220811555
-0.075961842108633
-2.58010231028155
-0.3532680321076
-1.42532043637622
-0.0916617652055507
-1.67696462026155
0.332565535376396
-0.452557572056925
1.24669929060271
2.12149760267604
-0.358010169992077
0.574244905184138
-0.506695170139643
1.40081565939632
-0.60211500770729
-0.639920316392057
-0.77648941741311
0.26797441016307
-0.938144808199333
-1.16185230467764
0.263271841923618
1.03951881150393
0.684725300749868
1.23333086408487
2.51305322365513
0.0202366249506767
-1.86879251053447
-1.72907147501966
1.47559584760577
-3.76820770234557
0.188112743714008
0.890032515973722
2.59691694091114
-0.0493129851240965
1.16548230391177
-0.179084058662205
1.52991686316457
0.914919924350635
-0.399985973790628
-1.61418939304409
-0.570031446561394
2.05872553252922
-0.329841334549521
0.882448127499707
1.39186439918151
-1.36523772730747
0.932261080005809
-0.0902602945181243
1.13749552698871
1.583127244942
-0.0128786415178652
1.99496958218386
0.0636385152493162
0.00657212806478213
-1.31364913169373
-1.11812283954138
0.759224528667595
-1.38870473672595
1.48789822618405
-0.160997200591659
-1.89853412534055
0.972684909824203
-0.429879809565684
2.34767228093718
1.0402149816239
0.485388672501095
0.313772475197901
-2.47100505182099
1.17993079908958
1.85708410098729
-1.23870451347839
-1.33074948419986
0.268627619736229
0.00532546110226662
1.66276998031721
-0.796960447822961
-0.29681867670886
-0.783158322082308
-1.28208235780458
-1.48642736655089
1.16036804230068
1.42866045074762
-0.376478410825122
2.90947316944638
-3.53698975022323
0.490433540013747
-0.46435820673387
0.137468901492262
-0.20939473128167
-0.732661774014367
-1.44399957306937
0.790347072081282
0.343811203507833
0.442929939395945
-2.14808786958529
0.969548266431808
0.572165293182728
-2.11867893606931
-0.980865799041432
1.56177392591379
1.07440968658195
-0.59193908940555
-1.70298829611975
1.4889825333515
0.280799639367409
1.86909186395061
3.24529250553464
0.29114947020124
0.0267691329204567
-0.672843299763407
-0.508012771852556
0.401165545604123
1.12732891511339
-1.74496792264589
-0.838350873475839
-2.52875080268624
-0.938428037044083
0.584963196734371
-0.406551113365914
0.110247364499024
-0.123338632883339
0.473674637078339
0.958419346069284
-0.608799967578229
1.42067563831963
-0.357667640028048
0.385245136378579
-1.51145655101042
1.0136864356157
2.15083188737636
0.203972247276532
0.804327013183489
-2.33355628347088
0.465787650993171
0.917012512727432
1.94281883536072
-1.04395669092103
0.68159851350466
-0.493181981095724
0.89287496943242
-0.332048094324342
-1.24603553831097
0.689600434022758
-1.2225526830836
-2.6862355211076
-1.39477052858937
-1.27552973994975
-1.47039479713514
-0.365930880888278
0.9609255444852
1.38737100628978
-0.145554376332861
0.195794294046912
0.776892917420092
3.71918328483903
0.836267166727417
2.19341353013854
-0.883648557970481
-2.84262617207569
1.55038260201749
-0.4366174841741
1.33629813792478
-0.339435572890444
0.0389451455044636
-0.478816373306451
0.442605916879494
-0.564604205619709
-0.989836605546465
0.630352872492743
-1.52680152093016
1.87506134510263
0.620279934605684
-0.487135733962056
-0.231323618810201
0.318885902857254
-0.302311380769574
-0.6897533860217
-0.0102307235586423
-0.757675673851601
1.76856552005355
0.00480772944413133
-0.259010673600223
-0.513244943012161
1.24338855005984
-0.289658933431589
-0.34013921524619
2.13844359135387
-0.876279241829174
1.04168977688325
0.831100752920939
-1.33394912847471
-0.411367704202497
1.67254318759139
0.385126107537609
0.926061600290403
0.820136055268073
1.19084070171268
1.14026159982446
-0.354492522969032
-0.572988019869321
0.36115812010555
-2.85197587317342
1.99136035568122
-2.17360495266886
-0.0965486146364825
2.00085817452869
-0.164029675438179
-1.05749807873432
-0.102467252413341
1.76169743284546
0.327923708088882
0.581871279708672
0.922654352028097
3.37472758248665
-0.622304009642086
-0.15550718838464
0.0415742486154826
0.416725253697415
0.667474660602828
0.930199886799606
0.738479823347483
-0.951651843126491
-0.205473019470084
-1.30029910251339
0.920143651565262
0.0247513850515233
-1.84251232647316
0.349624271740673
0.0896867730989683
-0.375095111725877
3.1949415357466
-1.43904784123212
-0.197675610710782
-0.641012880169718
-0.41432403093345
-1.5197822139061
3.51246898188358
-1.68677014562949
-2.98002156407765
0.892841488616646
0.921565853808055
-2.0084108221029
0.151353836016959
-0.0520195904659104
-0.0639639081864303
-0.48638235037064
0.33803680490464
-1.20573312685307
-1.65529804900255
-0.972087364256176
-1.21632606555008
0.485810429536365
-0.674930338800074
2.20051581498952
2.68655091516157
2.5178385711168
-0.112155344724421
-0.362361143821808
1.00673960040162
0.351351121063622
1.36905421923986
2.10209026754952
0.460539992469329
0.286163293615878
-1.92084743570943
0.382778418011377
-0.648407849439856
1.04171242625406
1.21848332070433
-1.32333426974495
0.848033020599722
-0.594996616247194
-0.831525546391937
-2.65745095425454
-1.68492681304711
-0.69493236589134
1.2679406006255
-0.113958838413545
-0.687631453992346
0.673310996342785
-0.816132168601349
0.0351285392609597
-0.134438098365855
-0.550874939821291
-0.0139441710157158
-1.23431981475373
-2.37863051748136
1.09013727759505
-1.96500750687458
2.13628270350429
2.49558738137252
-0.0535252737467218
1.79233596539782
-1.2082234801533
-1.57660708398371
-1.1415834551996
0.663379076231443
1.99486827817528
0.821315912338513
-0.663189959953264
1.98087121380697
1.04519440859709
-0.629745090870166
-1.31437453398136
0.23957261482726
0.945210867414708
1.72891328479195
0.426024474886241
-2.30908392283616
-0.827715951008521
-1.2129696940784
1.38131723976615
1.4071510943784
0.41635786949174
3.06778209776953
-0.217816750600754
0.924345412119258
-0.857427977503939
0.888727536574514
-0.248469225296652
-0.426380993607133
0.838206406491473
-0.109325936227698
-0.471629992799002
-2.39001451628972
-1.1966732757633
-0.456161577920376
-0.209925130677824
-0.751824096891347
2.34450625400242
-0.759322686546831
-1.56759150341797
1.7148200200477
1.23099879268644
-0.415237021076429
-2.83331260836636
0.426359952181222
0.272737770804007
1.48507870030439
-0.706540749804311
0.402071267003542
0.879536539352976
0.665109223776106
1.01206945885527
0.0215664913710256
-0.539135171445913
-1.80389889465491
-0.374508735254416
1.23615604289855
0.525576378466177
0.663867978177585
-0.000205382901334872
-1.65655841676901
-1.65903725852358
1.57851574180872
-1.36237131932686
-1.56548320681029
-0.989491743334419
-1.36353732677353
-0.274906978943058
-0.376849430205972
1.8297211960482
-0.555870540169373
0.511372461845063
1.16632764515773
2.7794160826879
0.312674154266823
0.380510613692273
2.58552162726053
2.01582218068753
-0.266852948864518
-0.0253029247591385
-0.101924537405445
-0.783106842945507
1.14144048557582
-1.27155669407663
2.06806432068586
-0.355807084559082
-0.417591446275175
-1.82697782935967
-2.21398409950914
-0.220267398241084
-1.11746824494876
-1.62945384368701
0.686863158667869
0.39713378167081
-0.0594984434354515
-2.16294073968894
-0.884495540276454
0.926492789954374
-0.254900121101038
-0.68598244924457
0.549346148034395
-2.02767874825694
-0.270251495727599
0.747533398695928
0.787202541743248
-0.156062224358756
1.07310340632048
1.83475838216403
1.01392834853075
-0.0423141812855548
1.55506900180549
-1.50322013789938
0.850158503261831
-0.0296472766454272
1.57760732420038
-0.362593769841318
-0.503469572492783
0.503164926020155
-0.0402828808522386
0.547215828381091
2.08176371093989
0.315734337851573
0.115957861793866
2.3122445407533
1.32397221460658
-2.2106691028387
-0.772106304002456
-0.413312943368886
-0.385416403925753
-1.42114370620087
-1.98216770458576
0.0889868060433727
-0.365758743548419
-1.70710613460759
0.734233646455003
-0.819310433130262
-0.389936290714537
2.06120966546128
0.958163753120424
0.887435743893398
-0.676363628667538
-1.15092029659107
-1.15983173629034
-2.27853368027119
0.979110775205321
-0.622181643613239
0.37694101940442
-0.334982522375562
0.0407862038944344
-0.489117046965283
-0.662837475272092
0.673978896140476
1.14954874716434
1.96492952909644
-1.55411666012115
0.0611907157015921
-0.772457220174807
0.205194754909563
0.436827394940472
-0.881245822975337
-1.11955013812074
-0.615420965229113
0.581990225964454
2.3387309314215
-0.793249939457588
-0.814194221823335
-0.692092867070052
-0.408393977023401
2.12334069414057
-1.57396815706219
1.50796625957755
-1.37811045740015
-0.683112502118753
0.28328415017014
-1.83985840488172
2.2202319539543
-0.0697167885000241
-0.995902528840396
-1.14047910218242
1.43142809125887
1.09358858878183
0.951728386102523
0.87500354045428
0.15768482896609
-1.59116917104209
-1.14567958527918
1.33954327765459
-1.48347257668517
-1.50196557002321
1.11239531875227
1.1833109351011
-2.68728047424194
-1.27614053634895
0.0250455763156978
0.419152020616728
-0.0164281317344503
1.19222227267871
-2.20579697184875
-2.61028574287625
1.37701462050162
0.146273589539781
-0.833641304264383
0.585620037477746
0.721808418877878
-0.138890922732323
0.571108771272257
1.64405880117661
0.149269067480951
1.14858729209575
0.615901779556644
-0.862825667055496
2.12588091087522
0.581630067978743
0.796361911716495
-0.24037801680911
0.156173878780542
-1.45261967701069
-0.718436469172993
0.524670810344467
2.11523920262501
0.238592287589448
0.633631849401091
-0.421774354937817
-0.429741196027329
-0.307370845222955
-1.6789552212454
-1.75985592368679
0.450423354826249
-0.0125568478926894
-0.114989049753412
-0.117776640662079
-2.57538599019509
0.703913035589288
-0.3817010916055
2.2522322454819
-2.65377718980304
-0.23608599454267
-0.384107524135551
0.853362733904895
-0.87551324011239
-0.246504956182413
-1.94315270966357
-0.0115232548351756
3.3817105731617
0.840538674169487
-1.42327648675545
0.0785227166767513
0.25575309438144
0.396278142802224
-2.41003028960771
-0.13550287995313
-1.29284761046089
0.43004702206624
-1.5783670955573
0.102325900281492
-1.30973549031516
1.94663623551971
-1.89223020071635
-0.639959163128971
-1.45220907377067
-0.664366495049968
-2.2760658237319
-2.47337417325102
-1.01193036187843
-0.0978797807297056
-0.898884537670746
0.641908089125899
0.00450495090156977
0.648100725290782
-3.21149653002912
-0.343130707801585
0.0965109276281382
0.414039040365445
-1.8775456908675
-0.266248398266818
-0.848656488318433
-0.510122013086608
-1.73896752907039
-1.30466634847412
-2.65380367855861
-0.195084251184632
1.04350408326896
1.23275143573519
0.429935116839111
0.805914849685244
1.53415633833875
-1.51876087690821
0.743845937785942
0.132818553016499
0.109818091973885
-3.42683520701767
-0.659228085524468
-0.798550315796298
-2.04954336510381
0.777736093408429
-0.437986250438293
1.802566874439
-1.20777436417033
-1.16324917917937
0.431368872211202
0.826653226483607
-0.197660743509267
-0.89423257817257
1.22568426403139
1.22381240231427
0.435147438453406
1.11007041677922
-0.418702043126963
-0.691852867355216
0.1287873618896
-0.875194254772715
1.495744202508
0.515995148322439
-0.298213923815673
-0.611338966742188
-1.415902685818
-0.272602466400464
0.308989302425935
1.56046578270084
0.949329180042319
-1.73982549872014
-0.183808592228651
0.0280864822142561
-1.97394455155942
0.645983589740148
-0.547158448313702
-0.321008359757208
1.75704538511044
1.29773528182661
-0.397798995939446
0.741861739851991
0.461870402220335
0.177741045626384
1.58832663519816
0.308619115437203
-1.24293374069877
0.575968797114022
-0.680744422317311
0.146252751307564
0.887183936049347
-0.89221921532701
2.64576606011743
0.407813002144984
-0.173895822996123
-1.95947110450786
0.295089412740673
-2.14804876466187
-0.492009291900253
2.05838238383719
-0.76105175508409
0.180379395191402
-1.45274287490466
1.57476302119723
-0.644704205502912
0.102624489008939
-0.19307754612479
0.701762668306195
-1.75686855093117
0.73745299505358
-0.825269617372136
-0.014081730960676
0.0497674390616893
-2.03965980761914
-0.0935928341015497
1.01971926618469
2.16992170274235
-0.693640587452002
1.89543320051651
0.038222439089644
0.676011923078896
1.03786621319787
1.22870327339873
0.610149163182335
0.339025736481027
0.986352473517989
0.38745048122663
-2.46715990863184
1.0993421134153
-0.222154588425475
1.45280882199935
0.0404422573012866
0.846878910895349
1.05122652352124
-0.324610541538654
-0.565296399468913
-0.630058403152852
-0.721154555316481
-0.231754346594848
1.24774991352367
0.332148146349219
0.798803732517307
-0.717398623150906
2.04621921055834
0.136805109747876
-1.33171642855687
-0.574281414909969
0.986128518499093
-0.461890147352541
0.947296399555078
-0.319721828368905
-0.772151910558911
0.85855396777557
1.02222645720476
-1.41535041001558
-1.67944196476785
1.67190285872331
-0.421455742539685
0.033424148348864
-1.33443761613078
-0.188873504439506
-1.16793502155961
-1.54241302383722
-0.832164442230102
-0.43934365767408
-0.371873222476871
0.24370266253171
0.185176273918863
-1.10765654360743
3.01806402743014
-0.248510433468859
-1.1156561341106
-2.39550724029213
-1.07764952581451
-0.710842200615765
1.11355202773986
-1.77665151809109
-2.51021268305031
-1.59411412148544
-0.0993050202148211
1.52640577531266
-0.237888790271292
0.860811053473832
1.68668105624331
-0.453076498218742
-0.746602815042117
-0.37209169625536
-2.59675128524325
-0.0809868085378085
1.05363149896097
-1.70386699158181
-2.49536003221099
1.42267917340356
0.0658293992841195
-0.775797712252974
0.0625062358961017
-0.411815121955705
-2.01392718609518
0.809390016572785
2.03342162287301
-0.78087968842059
0.635842962315927
0.229710509628909
-1.19162138722479
-0.306454297799782
0.25602288848463
1.01886587871839
2.15364118881509
-0.097413681790421
-0.628055084313566
0.833332061766519
1.65233037413352
-0.314146541987874
-1.16114197678585
-0.229041476251417
-0.243882805553746
-0.376933388020497
-0.322809855038123
-1.39954337050737
-2.44360193743453
1.0412517961906
1.30698038988398
0.261151688357209
0.384327584796232
0.0968910580467863
0.790856184329094
-0.00762632921593109
-0.650916210792026
-0.207601846237857
-1.30506966375092
-1.54813840327407
-0.0762592242190081
-0.213704602271299
-1.82300697871697
-0.817443404050813
1.68812378842792
2.85646668375667
-1.08862630928375
-0.212841359788321
0.338021708890231
-1.12413832181031
0.459847901314241
1.16982194731539
1.07013197250969
-0.839973815104976
-1.30203593296833
-0.795635942965795
2.45211290587488
0.0458336821288512
0.906165132596378
-0.811636421083371
-1.11288151365736
-2.43920696872355
-1.86491983103165
-0.557478388036465
0.782190523434586
1.04230735746747
-0.545639109326295
0.41466183618089
1.52988326210859
-0.433740897933866
0.694438095013673
-1.35225572399251
0.412495407905247
1.04429624703649
-1.70942697685141
-1.02873226438229
2.53828457396937
-2.15080528881735
-1.16142135694313
-0.724564093900803
-1.08096085005352
-1.17232808173598
0.971585854369003
-1.77253785549434
-3.20161740724573
-0.439973463014475
-0.832770384923471
-1.71061207521544
-0.659814860770872
-1.27402060713715
2.09462999011603
1.39678996057986
-1.21354205935243
-0.563909448037329
2.11054312182809
-0.342249000090227
0.194104619122776
1.38812757651791
-0.485942877708659
0.431469291719473
-0.140094754123972
0.707759952417938
1.16920788753136
0.145881724308843
1.54310774138323
1.33295468857383
-0.895110166395263
0.213675635635205
0.595001697396377
2.80144808815859
3.70143655455799
0.406064295491056
1.10484962084004
-1.69933130827761
-2.92675359773839
1.0437010595568
0.171550599582837
-2.1605136078172
-1.74317201188101
0.364107195328494
-0.589588609916042
1.40116272169004
0.813640606650459
-1.57501162007944
-1.19560007308539
-1.06312268963283
-0.542895419047774
-0.0971851302564701
0.00925625415450071
0.0592055169253953
0.31315653003039
1.1460403420568
0.221835878663363
0.294922231154224
0.423724558009916
-1.15766559160367
1.7210605452274
-0.243493151713245
2.10249836521862
1.65920379987741
0.190851433580768
1.09172441523989
1.75236928114614
0.217377224372363
-1.0655802226979
-1.42934205127043
-0.24608478072205
-0.243671104436693
-0.910710095414039
1.16956692526102
2.03430555380432
-0.148684266130125
-0.0475702991106814
-0.489053057006039
-0.0739990817956837
0.541303239251953
-0.475136506546939
1.51916555548288
0.92462292570476
-0.772844964112586
-0.614857642301537
-1.34895072270778
0.955368811614242
-0.300538911275147
1.00104684549867
0.560796761486664
-0.242654002467908
-0.34462040808868
1.58889713532519
0.0585931489963158
-0.00479842256763874
-0.936132470904944
1.62984560426937
-0.777699410143022
-0.292578274377185
0.738674905603226
-0.847473178061115
-1.47840006367463
0.700676026578911
0.478477652494654
0.891439966229221
2.81395860786935
-1.50041827334721
0.133524202487557
0.430438660970161
0.071799628033169
1.46126290765724
0.958170737762281
1.44070323544727
-1.29975316682229
1.66407958232471
0.608680109639032
0.122570405798363
0.304821253095689
-2.82009828835871
-0.854340569869386
-2.03940462171497
-1.23153633649807
-0.660696855944344
0.400511335370162
-0.0987786255609322
0.497258310398557
-1.40094952343689
1.06527392091387
0.0624315780840092
0.694232806315277
-1.37873816233546
0.865224348918751
0.0847585042315799
-0.479390801575427
0.173610592200383
-0.826378872804675
0.233025789853194
1.00388120853196
-0.540051031940358
-2.5720399398646
1.35819740652644
1.5520926449412
-1.50927339523614
2.70711887151477
1.82870929495655
0.933691986194582
