1.10257902392609
-1.17123450082901
-1.4593415786271
-0.417661863311913
0.236461021584908
-2.67359493844393
0.11622425580051
1.08603235416168
0.0836999824133713
0.665440496164216
0.399697672206479
2.71995134906452
0.709344115803013
3.0576218698346
1.36049227052151
0.882356555795205
0.762180613822828
-0.766740639070953
-0.48748687946361
0.292954575816985
-1.11920126894675
1.5305749133848
-0.0407420723265446
0.813083792648023
0.405072786295158
0.661567562642254
-0.825974379366905
0.747102158726612
-0.997559913846182
0.513767433447661
-0.375392639084772
-0.515648845848581
0.818348770497913
0.3472534095309
-0.648165025784216
0.341070917296712
-0.2397494202065
-0.253690524841808
0.611361803698195
-0.538358452697402
-1.475486455687
-0.314905271440161
-0.311949014860126
0.638525578440259
0.975629595219196
0.0667020672329599
1.9923461439537
1.91028662635218
0.48709209752419
3.09498054511922
-2.45200048591548
-1.2029407938326
-1.14668169507659
2.83849640165757
-0.0194675212194184
1.03284472249171
0.381991736504595
1.34600776271198
1.11580353324009
-1.34599136872706
-1.22380052466824
-1.32717198662582
0.298058669132637
-0.69664622645886
-0.584260611095807
-0.822547157358635
0.536839180995706
-2.39085511897614
-1.35302772850955
-0.552174040031026
1.59212189450616
0.498459253636348
-1.30940609166269
1.21661848369839
0.107066816626705
-0.695761391153191
1.7767020617538
-2.37510299864031
0.897747207627411
-1.47458289708337
0.116533379070141
1.19355530184938
1.50923707498216
-1.9004994759844
-1.67975477752825
0.861884779483113
0.147431089140149
3.04697165721219
0.870117420708219
0.452658509923445
0.0959719211723709
-0.653103178661276
-0.741451057322685
-0.0768960020174418
-0.272339997706901
-0.0968914222683352
-0.599775507116057
0.761139597299994
0.219720705256371
2.46033961084682
-0.0721739712258582
-0.113750398104607
-0.917696052372527
0.3296827807496
-1.01933580005593
0.414373009596225
1.60959121692942
-0.217247652519781
2.09560470922397
-0.353819042659474
0.36288501766446
0.973921367293961
0.809664595637194
1.63811782835463
-0.204944259789478
0.250010260776399
0.583653439234148
0.715581031205907
1.12572095159273
-1.29319844716637
1.65623448780129
0.287614450730494
1.57653210812989
1.85175578455752
-0.562219294554872
1.32249057083603
-1.92405631004406
1.23230359696591
-1.94659925694882
-2.15644373082061
-0.45716024258352
-1.1109110133821
-1.35549016938203
1.80471728371943
-0.141607070659781
-1.50646126689598
1.03832059146603
-1.2950636488553
-0.36446921681452
0.0291329984115336
-2.60537122167816
1.3011200171762
-1.10461532293832
0.875752098164604
1.43926893127686
-0.221230881254918
0.760095993625804
1.15647444473958
-0.106385042378498
-0.260232061954561
-1.72864519414609
0.206200662255206
0.709500633554079
0.366687028461989
-1.5559540353124
0.0214788734378644
0.718935027764836
3.12297471237283
1.66437760855549
-1.4490938416382
-0.69201215310509
0.348412250827174
-0.458132905230265
0.685481185064383
0.724219702870322
1.10920768509808
-1.67544064720253
0.808283012036291
0.627032302110955
2.66210335011018
-2.01314734059267
-1.2371489374132
1.49031355661455
-1.10812794025757
-0.900693164309111
-0.900358728916025
-1.53324738308434
-2.91842303599416
1.58980886595921
-0.540066598930061
0.323199826919698
-2.62502992190381
0.505470938514257
-0.0434354647489172
0.0564466006118423
1.29040448332179
0.884635908295444
0.410863737363307
1.79880022064108
-1.35436480009381
-0.151634818598929
-0.69483711408774
0.622828558779155
1.25288373166594
-0.979215978515164
-1.68974132021143
1.85464971825458
-0.256458717436693
0.387659278027307
0.24720081575807
-0.494858402038382
1.88188564513401
-0.297415463517588
-0.657218662172944
-2.57155362145577
-0.272813239210031
-0.449852309701079
-0.361899841517506
-0.182855069644894
0.00357595199701422
-0.824544065183069
-0.590418248192726
-1.35652385671037
0.037053826327643
-0.81060681696065
1.46181801847043
-0.344023821505154
0.619011852388745
-1.74101509672162
-1.84838767740761
-0.45908735804651
1.15564260762434
1.89224537867701
-1.9974002995148
-2.14211132005708
-1.5373863020067
-1.57311761139452
-0.23018175873225
-1.64100800363085
0.564380349522104
2.3322343119328
0.813606639356031
0.300863791975779
-1.14248832826744
0.93381465217319
-1.35779708117165
1.35906262542803
-1.00259440705546
-0.330161015492401
-1.51758067033442
-1.24590180372829
-2.13223253254629
-1.01089067531982
0.737768415866377
0.198510049767172
-1.00777264541572
-1.00036908023024
-1.80658474456258
1.27436620359835
0.747470969616721
-1.02266353916364
-1.17266912774134
-0.149443303543286
-0.262740693409491
0.844292717442634
1.08702181982354
0.149257058500233
0.686711932981858
-1.27423540594962
-0.508789063145777
-1.9290632963126
-0.783771043743549
1.69551160829203
0.415844274791844
0.387287243986201
-2.14557333770282
-1.18130820888289
-1.07620080283827
0.411445725458087
-0.350538174293128
0.60174800881375
-0.502331349186342
0.754887786216976
-1.26188030801396
0.958651706905151
1.53499660903704
0.780365736263228
1.23204063158558
-1.19712092407892
-0.534660313448775
0.360266559192631
-0.219539534165428
-0.625505360955664
2.34852992637067
0.549764835780387
1.16883946474294
1.41171726163227
1.81351375854521
0.784145589440094
0.312755016679226
1.27634358261323
-1.80285786922472
0.209672053557732
0.0064329699233312
1.14240386775807
-1.25771318909782
-1.24262663929935
-0.214707353905773
1.35742528482663
1.71465786127325
-0.430872846298463
-0.738119474547297
-1.9143223994108
-1.70230271501786
0.385412118617431
-0.705432395920901
0.342776299723049
1.12492384398407
-1.49589456043632
2.34838542292604
-1.46898187441614
-1.69089595091399
0.919700175422939
0.407375768746157
-0.415175957147746
1.82762432181195
2.25231755842915
0.797829046894854
-0.164335377944759
0.123439328143114
0.0758892146265211
0.28178632600801
-0.294157154037272
1.78097148413323
0.254884306203529
-1.21981994544527
0.340509337858997
-0.863663366601294
-0.101043404298117
-1.91501155073494
1.28728501168919
-1.31872910351607
0.544886432100519
-1.08022144456724
1.33286614408077
1.12013369210145
0.175192658774584
1.70801297909301
-1.39401313175993
-0.0606380697527484
-2.31721055667058
-0.59150470892488
2.0561140897237
-3.65124962280905
1.39106302930954
-0.222670897069669
1.41724982408507
0.453933192341047
1.23874340978264
1.41576581473449
-0.233784043604125
-1.48055836301481
-1.76105407720147
-1.03668396523418
0.784796422642579
-1.81828704509466
0.821757768723181
-0.20450032894238
-2.16488818700211
1.47142542486809
1.66974444944767
0.58560969482604
-3.04239860303276
-0.495465415010166
-1.34424887052783
0.0898645757727863
0.900987570410301
0.701385628977015
-1.50762608113505
-0.484675610737135
1.29359772443743
0.393276974241381
-1.29752392190367
-1.17005440462268
-2.93458146381884
-1.3241499981098
0.520124144747705
0.374149489840953
0.23025768144273
1.36867996859151
0.331318982095489
0.133279326825082
0.137387969213499
-0.0595569096856607
-1.73610325042987
0.0303211136252557
0.302048898071483
-0.740965202056067
-0.464025204909923
-1.40173692278601
0.924180634452817
2.02601416477201
0.172317469270773
0.39146880266852
0.204765412798245
-2.245250494138
2.69799686150863
-0.504560956526497
-0.430848642425396
1.15164014928924
-0.58127654205996
-0.505662796301216
0.906733727171307
-2.24021062074375
-3.10277827872469
0.255653492052112
-1.06363142032817
2.72450355108295
-0.764974407492311
2.89138274780688
-0.193106139499811
-0.460007621928106
0.769068914497346
0.255090938604859
0.0421329119424385
1.6366453902485
0.792445777430338
0.334245330133932
-0.060244595456858
-0.331740435023711
-0.0912842138473948
-1.10281667231917
0.533370690376863
-0.641406870552863
0.629129249378956
1.75409498955886
0.227228578194648
-0.233379464953522
1.82214729077705
-0.00860578758935304
-0.787097469554489
-0.170136396406441
-1.37536811807363
-1.46114641161413
-0.222669717827081
-0.954826154543333
-1.57591920284776
2.42887793419398
-0.388413118213727
-1.85365905045663
-0.478717509765239
0.107291492031969
0.229765153707397
2.63790244516573
0.0827658929928461
-0.844986197612947
-1.39266141710798
-0.955470464219424
-1.00757986425683
1.77999924871445
0.148381621226257
-0.264635895395294
-0.788340810365845
0.438815273990109
1.0910224157981
-3.81731810789487
1.25750643085498
-1.05276573086159
-0.5394970409561
0.514256845364308
-0.592025873280456
0.43921413333495
-0.320778339230152
0.218801639320382
-2.75588715637455
-1.46635749381577
-0.056866657951538
0.863859369882412
0.138105776888004
-0.931780328227582
2.47388165099007
0.685521418920608
2.29678300244918
0.759855134595078
-1.24396109961069
0.909346491131565
-2.03006934953837
0.150952867359898
0.868828327246568
-0.338144177221501
1.43277000074763
-1.79903976933557
-0.978296225835471
0.331979562306479
-0.648018499866886
-0.117444435451183
-1.59683820738039
0.241829322832665
2.14464870165661
1.14184945192354
-0.547838831891546
0.486171906511537
-2.06050287434673
0.581974653872145
-0.33847513283056
-0.200020799224866
2.7498030427138
0.229439716828971
-0.977300593720862
-1.68657075355171
1.4673471785185
1.7426212516319
0.221246642623804
1.05373347773885
2.28678834054622
-1.57823011554994
-1.30755701325413
2.05316513410295
-1.83016803334167
0.379904879586626
1.64636103706541
2.92266384398518
1.95856859555774
0.233972434156463
0.171808636276658
1.7503913804339
0.747357259122872
-0.324357355361066
0.528500349619456
-0.815386411408589
-0.877371203383383
0.2811201453056
0.736836365025759
-0.439716514940791
-2.12001590922964
0.919343418522963
0.574663815141115
0.928700529138233
-0.17203777425707
1.1179477769302
0.0903955212211471
1.84962106594408
2.28785356695462
0.746367017491899
-0.258138841096958
-2.19480505860273
0.898932762796129
-0.624551252574214
0.27026584585203
-0.904896710911579
-2.66151333178741
0.672958382005469
0.418631151282874
1.07227248901855
-0.433987809837483
-0.805653185761834
3.60409352735635
1.57853929821427
0.200959054951817
-2.07184324358256
-2.34656483754927
-0.560357846781962
-2.35660750255725
-0.0445572464490525
0.711222256308268
-0.12108635554663
-0.453049127862052
0.582579868663139
0.429925717056697
0.709049162465099
0.253473186139352
0.306836039973028
0.551399280105692
0.161326716034601
-1.20132844601776
0.97408310994691
-1.01090995108164
1.21165292217002
0.0982235743441819
-0.511978473773901
-0.479643542342252
-0.73718983202847
1.92365962862905
0.430293714429659
-0.801731344291717
-0.957720055628478
0.277420101425967
-0.0491388771678558
3.5922663140723
0.575017351749885
-1.22354247715666
0.288019938916328
0.967048853641494
-0.909448222575783
0.653758632717789
2.27743047780094
-2.49092690465657
-0.276211254984936
-2.01283863330182
0.209535242543403
1.71003333216301
0.868887935686153
-1.23515823579542
0.394740656317559
-1.98330117696103
-3.95440761874037
-0.603154201737745
-1.20426253353359
1.85648370863534
1.13738382920629
0.28204112721064
1.08633482042986
-0.85187565101203
-2.13916072048918
1.03986376828734
-1.50381698645257
2.40683908302596
-2.67443630658799
0.0162346930871067
1.800759908736
-0.446654590031791
0.544073874018032
0.673021344895822
-2.18400397195743
0.536109592594833
0.751008518796617
-1.52958092210051
-2.24308668392806
1.8762036823937
2.39103944394034
-1.1483724817318
-0.180347424710511
-0.755855033418108
-0.365141019393185
-3.06080315288487
-1.6537354268011
-0.82190716299781
-1.71738145696603
0.552419005330556
-1.06836017860511
-1.94722191910544
0.914193368530242
-0.844861179709234
1.83195202649093
-0.591460406457351
1.14564842933984
-1.65663994555789
-0.966009787077986
0.749843512795245
1.85128051638295
-1.51797862424005
-0.655245482377644
0.922659775462783
-0.78938850512899
1.10031725008266
0.86069065657815
-0.819928904411178
1.43970773179691
0.654938755320607
-0.824061936744705
-0.954510635403473
0.0662006953002319
-0.729390682459872
2.68896669890213
1.08285447331016
-0.392616274092497
1.06729036892252
-1.63302246527284
-1.31680944414845
-0.48924002035259
-0.316568072401971
-0.67255829404818
-0.0231053445884086
-0.783583456958958
1.60464309935482
0.596153337738166
0.981132811896735
0.200599719967123
0.90715750122299
1.40117104299164
0.0917185714504498
0.859866490402247
-0.974531393066492
-0.637976907961196
-0.971151082150278
-0.904812858963886
0.153510014252241
1.93355125418005
-0.653927374223464
-0.54462593223824
-0.111244365811082
2.46376831111737
0.611866035964361
-0.300788249959204
-1.27138519791888
-0.774895757742947
-0.626808747780366
1.63566289714364
-0.971502689446744
-0.22158391811255
1.01041176031824
-0.89847423373525
1.03092336435056
-0.970863551768311
-1.40705953122299
-0.0640823474871368
-0.424946542951922
1.33493574437542
-1.15500482849982
-0.189040449223775
0.0960131696346238
-0.975726968930452
1.33083643230091
-2.22196301053717
-0.476612109028203
-0.314789428592043
-1.03113710870227
-1.61098796388436
1.68826246012795
1.58386704738026
0.983938993186051
-1.74823852509716
-0.151819269412819
0.571884448299521
0.407330137384655
-0.120583844016927
0.939400056333305
1.842283631105
-0.76637974994285
1.69267651674564
-0.834184300191147
-0.106916447460129
1.34398677800848
1.03457927492578
0.533930161749048
0.0580591732039792
1.30520810445639
0.0570902935948752
-1.05675756710921
-1.03598696651844
-0.846221613322065
1.33889861802569
1.44143216755665
1.27393550134396
0.274504815530939
0.0937866844326081
-0.746286220886169
-1.92457130797258
-0.517037703149505
-2.17104829941312
0.195735457308182
0.273769059585753
1.42118055472044
-0.687346801693174
1.07939810747316
1.3489836603181
-0.624061343380141
-1.28943824217689
0.720969211613827
0.836315088071693
-1.37095803955547
0.750183904018932
2.16086661136583
-0.110549918580467
-1.55104351659654
-1.2272618254547
-2.29551278717063
-2.71411319728683
0.833175692790313
-2.46814264018875
0.393455613278228
-1.76618421098957
-0.889305281370049
0.598491914849056
0.516667649743702
-1.66011042512188
1.51396698819988
0.231389543054512
-0.229496130526378
1.09725598706981
-1.17028171757327
-0.427474048197872
2.67758792226632
2.25323011107852
-0.76200678584221
2.02686177993538
-0.12653512532038
0.415979929564479
0.448809128307424
0.685800697131945
-1.12942555388518
-0.740399367342128
0.245792423878605
-2.34627632485607
-2.09110583322431
-0.313047399863457
1.54617229785938
1.13697443091311
-0.49737254249758
-0.69036194452125
0.0865069109943519
-1.84532895843885
-0.707688368519349
0.604491391790894
-0.156483024568821
0.730718731254875
-1.18827918217458
0.105958169610254
2.29940176424204
0.426398829946457
1.77893880704018
-2.00626221341728
-0.338987457179861
1.07290890398868
1.52097681835075
0.43506481901553
1.14225842215117
1.56322905862518
-0.858688811085678
0.0410040353050007
-0.580880366040198
0.562689412355631
1.03971598490343
-1.20386591876073
0.366643227731196
-2.00238625682395
1.39376553446495
-0.179005162823991
-0.812703810392556
0.181414306693988
-0.788618117445914
1.3266734470952
1.04005098315908
-0.562487173881244
0.563802167643324
3.12090401952681
0.27957851203157
-1.92153734587331
-0.391659079693547
-0.974943999646406
-1.58507649553324
0.600647106601365
-1.98967771632247
1.56138621748877
-0.102962680300585
-1.04607103175116
0.373557155784873
-0.730070402571222
0.844543176228647
0.745626170087881
0.288740253760032
1.01440355368103
0.817108801964444
-1.76181136118479
-0.39085790007821
-0.363498952933391
-2.25419849375087
1.99995131804572
-0.437029070264863
-2.68205268210196
0.129800673753856
-1.93166163857226
0.311779521645256
0.00969529003199199
0.608842680250085
0.48489349763323
-2.43570805121349
-0.712365353202962
-0.979226769743924
-0.938488432776957
0.855025252566428
0.994189578796373
0.053582116558367
0.237246231387154
1.09708103812468
-0.974819796414444
-0.398704598391738
1.88506885255989
0.0184819916670662
0.621322657225242
0.933100020793312
-0.0720464530898326
-0.908571680325487
0.523742857708918
0.785075807583802
-0.376336591293274
0.563849109987039
-0.647121059734367
-2.51609005944577
-2.62238709344164
1.20262361476275
-1.42985263546226
0.211968812279814
-1.05681854847084
-1.64215254468818
2.38174769363362
0.523102320107931
0.868853137128745
-0.0424812511945234
0.94398104505543
0.218555578804647
0.0515576511774825
-1.95798084314001
-2.77054278649818
0.692363055076179
0.255587359546745
0.447764855995636
0.913565465545695
-0.144399876034619
-1.54353443822587
1.24940242997072
-2.35941599381309
-0.251132952876766
0.869140918553704
-1.43007531600947
-1.97119688271997
-1.04761962704467
-0.480116948898775
-0.631918619208683
0.77403696783707
-1.09695324135667
0.221254312394386
0.812459898599307
2.21089909620522
-0.77210578595848
0.809532730288048
1.85161081096467
-1.30878343588044
-1.7967642325518
-0.496038877495529
0.589593388470483
-1.86104221736915
1.44894055325224
1.24719738349855
2.07631602231677
1.14104900990818
-0.0328126785454756
-0.113659056801943
-1.87795343022058
0.93345452091679
-1.36492463093553
1.05391039761886
-0.254532378455771
-0.35810455102925
-1.73953210662851
-0.391852688644839
2.86465169091584
0.136582299160715
0.310442767091466
0.492021191944751
1.84033132490176
3.86033613365665
0.421725735388257
-0.129689363890783
0.480839137171323
-1.01052657111442
0.802481034770175
2.40413564786919
1.11809276288968
0.286829604584305
-0.365165566138536
-0.477683871465423
0.363999735426795
2.00629622472714
1.58750369604879
-2.4510684614302
-0.84334271505859
1.20824687032867
-1.45208853599727
0.546456731334011
0.705722058840045
-1.15477331587855
1.68315556607424
-1.26615104130364
0.946324764110976
-1.02271941289124
0.939211744566158
0.338961048526208
-0.889095268466782
1.47629516699234
-0.912256194120324
1.74465575405835
0.0283394017605119
-1.42127076152489
-0.570103807464172
-1.21200372486673
-1.24025626671969
1.64610807543894
1.26644397707198
0.0718879513123838
-2.81968546775224
-0.507343685002674
0.243675277813303
-1.85145387313177
-0.883405295805325
2.63944453342318
-1.31561890348073
-1.56583481235024
-0.351467572386447
-1.14557550604847
3.01332757790512
-2.28583623017747
1.18571024941652
0.337728066457281
-1.61341430896162
1.09838114048394
-1.07288089773065
-0.0883951809920873
0.634093332610313
-1.71440024984648
